1	2	3	4	5
4.080969648897798	4.771249584529713	4.621545647721159	4.792910906359975	4.419290125522471
3.490752393327404	4.341488322333608	4.012900941512166	3.9660126345846667	3.850007479148144
3.093331616248011	3.9820223964388703	3.4037094164992237	3.6929392180479366	3.4164436448870426
2.7943207467608433	3.5621505186076083	3.0357432597128637	3.415532977989568	3.100177963676355
2.530605737510544	3.2221192148945215	2.7463703814065052	3.187255853277335	2.837103235752078
2.332318044379545	2.9586640227481213	2.4933438087668254	2.9740749515231	2.572461591657164
2.1610969119059744	2.7315639601948933	2.2938607986016017	2.763227085323286	2.3598402113560795
2.003094307601909	2.493009885558693	2.1213288920004927	2.543596804904207	2.1843726119726816
1.8692911866375854	2.2921895703391333	1.9734767340028379	2.3421732739109546	2.040473544384207
1.7494525790519435	2.1156286312186214	1.8455195125106638	2.1581199272819167	1.910008085353296
1.6357207069616477	1.9686016265083768	1.7315653132660618	2.004257232636747	1.7971310908227323
1.5444164532224836	1.8387155279783955	1.6341358243352004	1.8715244479801338	1.6989805424000002
1.462772912686438	1.7264731921198426	1.5506760933819945	1.7605260546554995	1.6128511480663144
1.395705620346168	1.6357030719137555	1.4689241772722414	1.6758933536841747	1.537736084759997
1.325986397693225	1.5451549965402347	1.4013022970970312	1.5842139025783297	1.476116516705975
1.2801234787687337	1.472398427136414	1.3452653282743587	1.514347534350422	1.4141194642047443
1.2159658697864886	1.39378161320601	1.2839737828735203	1.435261318140933	1.352237774587959
1.184188459230506	1.3415535246319785	1.2383903272621484	1.3868625999411668	1.3089402165559243
1.13152921733344	1.2825174811855906	1.1887450352349234	1.3239032397489718	1.254893422736536
1.0916946667539495	1.2245560956123223	1.1441436518183745	1.275922373432638	1.2135274219695884
1.057118224823263	1.1754513187786506	1.1040236145029285	1.2235602221220645	1.1692194731339163
1.0197437614431173	1.1239296926561835	1.0572695857118781	1.1718260908065852	1.1291150798273222
0.9809271720669152	1.0868047587097152	1.0198707091229038	1.1326584297677744	1.0905538338529484
0.9468155632848329	1.044454032197938	0.9843781735281197	1.0934731050220599	1.0581887693661247
0.9291609088173306	1.012758053324716	0.9493726837970412	1.0530850332411348	1.016580030893731
0.8920766477999482	0.9654431173868494	0.9261171076913624	1.0170590901923604	0.9853762514755858
0.861792823542719	0.9362891923131236	0.8895537456892945	0.9715642445837445	0.9504737163443702
0.8429735850190261	0.9115739983061086	0.861146917580948	0.9458350527012137	0.9353878045325997
0.8189204085970777	0.8765571882657693	0.8424963419089839	0.9193314804750338	0.8977954354889861
0.7911676604424596	0.8555156532151008	0.8207750739648825	0.8973555214264812	0.8713346843981677
0.7861131869466107	0.8294291031330138	0.791323518890249	0.86831642127098	0.8593521657807139
0.7567591261680783	0.8100666103460599	0.778162570179576	0.8477102556192054	0.8315486007029445
0.7396970810487755	0.7952109787165357	0.7553425403049839	0.8306175694441247	0.8169459162465751
0.7393896806880332	0.7725924803777732	0.7459935695314044	0.8055072182889478	0.7978636279435416
0.7240442853906879	0.7556986837740751	0.7233995837171359	0.7831937599060182	0.7683766526944197
0.7025791494285348	0.7457502193920443	0.7212135822266869	0.7770808547201669	0.7705499066416259
0.6894955054268512	0.7251880651392292	0.6968563383497539	0.7531032597317411	0.7503137227976721
0.694763767139991	0.719525575942701	0.6936490236188442	0.7457364728231265	0.7430795724587065
0.6644722666886762	0.6944897257153642	0.677122806344191	0.7220626160159439	0.7288986603774685
0.6715962354789308	0.704252758599303	0.6766142650790841	0.7168951843248306	0.7256942104043259
0.6610701329567858	0.6877216489418695	0.6633412377608706	0.711162965468433	0.6966630502430068
0.6391193833954802	0.6686933071107208	0.6441990248382545	0.6860469200879413	0.6941898274604624
0.6404234941505715	0.6673013192156084	0.658625363922485	0.6922956228713548	0.6863309567236842
0.6351054063843341	0.6539830072304172	0.6413184923436638	0.6763840862704662	0.6792261717874377
0.6334346817125142	0.6527694799101259	0.6424235521679945	0.6682074308547834	0.6698490678501856
0.6122367314975281	0.6278054224865515	0.6175602220208443	0.6547204594477973	0.6495604524222183
0.6188907772683733	0.6310335419062159	0.6280692145800043	0.6525702307291346	0.6478687471440989
0.6123804600952226	0.6414135116750321	0.6134518540423849	0.6486963080170814	0.6501696071661341
0.6077086389674553	0.6325439812277283	0.6204770353748976	0.6368832506639573	0.6387691288195608
0.5872068166580346	0.6191551346913011	0.6007751658596957	0.6425719111776712	0.6267089964178825
0.5991825590962957	0.612067677709453	0.5976443927153908	0.614255840287489	0.6333373597515823
0.6042618535821083	0.6045145518944394	0.5979005618168576	0.6188647647190579	0.6080911618364438
0.5859347905039485	0.6063012291708257	0.5986191067091947	0.6240120226769796	0.622067163743631
0.5848587566172075	0.5975797523165608	0.5917758954607923	0.6182194185226474	0.6167668058439293
0.5899912121198368	0.6009856576809797	0.5847479730006067	0.6103760393531733	0.6058640433546837
0.5722690906823444	0.5866510215622693	0.5793748785315266	0.5956316481313427	0.6004138051548883
0.5704415761448842	0.5880859792232512	0.5691878724738464	0.6123591839809854	0.6029930335786334
0.5777144970186523	0.575821778429744	0.5836622594567515	0.5850888088231204	0.602408106827065
0.5730933556166447	0.5852996889892442	0.5789765768191393	0.5915994288214022	0.5880795607481468
0.5639296010174714	0.5750784971524994	0.5737168794245365	0.5913287478944532	0.5888984823775724
0.5695947055011754	0.5892727781287239	0.5685846510598116	0.6043749187151188	0.5969920840562152
0.5611503086126681	0.5770771167314876	0.5615431008588936	0.5816408912544052	0.5750817658041446
0.5714706898955123	0.5723200588275102	0.5664274145270243	0.5831601379625018	0.5896033665255819
0.5581917661382715	0.5611065566692204	0.5626797597579026	0.5804206656525505	0.5764259510790296
0.551286300582348	0.5662759447951454	0.5511635674540042	0.5847189289986934	0.5711079582838754
0.5557912457019784	0.5609819740438098	0.547243830264377	0.5716897166141159	0.5783683661457222
0.5549107311326827	0.5654127575704808	0.5525915645577414	0.5765282180150754	0.5724228176924279
0.24094892258915446	0.2540327093332927	0.5576913737884871	0.5674708606794356	0.565667019247094
0.14042139357275063	0.15053085226308358	0.24420335938406115	0.5665281427180988	0.5659691741704327
0.1061750563228375	0.1109167101323757	0.13585099064366288	0.5521132186093299	0.5563634597431972
0.08632691548494124	0.09348301713347738	0.10989565798617384	0.5707728458030139	0.5572420108653696
0.07728171140870174	0.08005834333693894	0.08913637458554013	0.5666837459787385	0.5528212172143607
0.06839378865059387	0.07157063667121752	0.0786655312475494	0.5652470377552532	0.5716169753190505
0.05978266807163465	0.06428231387530145	0.06731330789149263	0.5423608672283496	0.24054963564705076
0.056032710215624615	0.060222523577530364	0.061793213067076094	0.5622634885408687	0.14411385751822411
0.05218884557523689	0.05511476700682471	0.05717462363183652	0.5576253398452572	0.11012702915445922
0.047772759671711254	0.05023258938775647	0.05256086089612582	0.5492615022165388	0.09281331606571325
0.045141044241921675	0.04748444384930996	0.0494044152329035	0.5633598721545677	0.07785536034409037
0.04275179494296197	0.044983865802778945	0.04606880976454073	0.5423091067682445	0.06891940133955776
0.03962292125843982	0.041397782885814874	0.04209816803598345	0.5422334833370753	0.0624734273328043
0.03827094660162013	0.04028222352609307	0.04059331366778027	0.5489783303054703	0.05623636504306515
0.03724521340425975	0.038424624401666344	0.03879386141820025	0.23527982409881504	0.0532667178022282
0.03651859300673159	0.03904384452744826	0.03803122345634429	0.13698838699771002	0.04949838162192602
0.03526407355428353	0.03681570577823446	0.035958084575546	0.10381273832886721	0.04656453312510422
0.03345878885301482	0.036437893224418066	0.035441493582161476	0.08697817499375406	0.04440807633082884
0.03247981079284797	0.03486113842872097	0.03355729378893246	0.07626906571828801	0.04189735258479252
0.03219426555744827	0.033659892247232336	0.032071963514742056	0.06647053510522291	0.03992449699917715
0.03077169378166614	0.03279724159775793	0.031940554575923145	0.058666952668934506	0.03819921215438782
0.03166127721290761	0.03424065713496771	0.03220606462844192	0.055577457179803696	0.03757336873875554
0.029342047355668942	0.03221198672052388	0.030985679420287637	0.05026270140467397	0.03531533163850723
0.02921074285360095	0.03142557934383908	0.030599002233322924	0.04657935274912573	0.03427784686998636
0.029449814882920224	0.03088740845356146	0.02881246151121529	0.04427976707172825	0.03482301779986956
0.02898726579221086	0.03076370763104133	0.029910173915002655	0.042333586084301496	0.03357690207831696
0.029148508630254664	0.03012678795077308	0.030174502021516357	0.03964751069445896	0.033589211647467906
0.027949549962797433	0.02990900415479375	0.028823280206802863	0.037758764937100765	0.03239476928949506
0.02821718280196496	0.02883586073127548	0.02854991635626846	0.03665991044124529	0.03078276167630843
0.02987965399785269	0.02994495410176798	0.028587719892411274	0.03594607898436698	0.0322843981463738
0.02751973912100811	0.029507655359785574	0.028094260074445963	0.03426863881937988	0.030218086131584006
0.027237872476391773	0.028568154891662263	0.027936004030773103	0.03309994440554354	0.02981671160253723
0.027847797688468318	0.028949603714677703	0.026982514225803982	0.03295362624518405	0.029019542086078685
0.028992101626323017	0.02912508675356958	0.028598243842268237	0.032868278186644416	0.029517777092621468
0.029354490501725155	0.02921889982450648	0.029015231191578426	0.032156114487925436	0.029835286671700684
0.029169486221068967	0.028773490549124727	0.027666445802468468	0.031083779771576458	0.03046534420527001
0.028492298339257763	0.029222609622932758	0.028151432457177532	0.030679109303847586	0.02806176235684957
0.02879898272969231	0.03312637695037493	0.030052689487671917	0.03162619632566371	0.02924591860236109
0.02843205122481984	0.03082763104487564	0.02957225866768214	0.029812151380359656	0.02922125886696989
0.02809432305185995	0.03204686435706473	0.030533785729304604	0.02958485790911842	0.030181750436039538
0.028121308635567756	0.02318745106458663	0.03175631098811282	0.028719160315173367	0.029450082927561145
0.029978789141415944	0.020123405320107784	0.0308760593661948	0.02884221767716091	0.029567237800496932
0.02238948181833681	0.01916675943204814	0.031621005657650636	0.029092936335927085	0.031142061676286966
0.018754989709085807	0.018129892047027803	0.029460117144657814	0.02892527758808393	0.030699370748094274
0.01738671310569929	0.017545421705450228	0.02146420237677328	0.028220144198145097	0.02922776904519256
0.01676134347601238	0.017505656651523715	0.018803270295491007	0.027298565768181838	0.02968384312165668
0.016343270297474267	0.016996592588132	0.01737335254735959	0.02797238863147128	0.031546094285710084
0.016280918441655703	0.017135389492182462	0.01639129302423933	0.02795398266762114	0.03283797157809252
0.01614925055228688	0.016785300324868673	0.016396145810327868	0.02816254661782928	0.023032269176200524
0.015747663450648874	0.01659829038507339	0.016007882647711767	0.028207803054538825	0.01956810015718192
0.015304601286797573	0.016578117442672215	0.015863773798870176	0.028290014799750997	0.01832888361609654
0.015698028075725515	0.016687725472938078	0.015468389896290072	0.029986672713171184	0.017624722941376077
0.01524391308274416	0.016416033839478195	0.01542050540542511	0.029238106821046758	0.017092390933914875
0.0152264482286923	0.01631966118445939	0.01543530444031024	0.02948814426617855	0.01669299068963133
0.015016600870720256	0.016560269953192375	0.01504622222117299	0.0284701318520567	0.016548229481481814
0.01519648183394423	0.01649086737333587	0.015201558613830525	0.031311627525045446	0.016040970564193454
0.014904448233754442	0.015947308467553385	0.014633642047491225	0.02242346393311266	0.01580800300421159
0.015096889337157965	0.015823126663370515	0.014931875392985156	0.019454723481288964	0.015526740156742918
0.01503852427558368	0.015930116943576766	0.014888068279989834	0.018827936323859817	0.01580663143045
0.015268613481917952	0.016201877704514263	0.014777094597363717	0.017967269348595157	0.01553059627523508
0.014998557431923467	0.01588523506051135	0.014821738623978235	0.01727352702937773	0.015406193571341468
0.01473999904740193	0.015762448244158896	0.01468487375456354	0.016613685566446063	0.015368452417137841
0.014454464349524134	0.015623404627756382	0.014786562694193765	0.01612301810365884	0.01509659086613704
0.014487891631853557	0.016388100945888582	0.015143581011030072	0.016534755297024212	0.015420961948802405
0.014143554955873347	0.015765405781662373	0.014523260514525805	0.016219467105691724	0.014982146256224583
0.01439187244114363	0.016076403253180587	0.014685435777963574	0.016230502187291083	0.015372734116700006
0.01409504304418478	0.01588081413179713	0.014687205005027444	0.016094073643693543	0.015194167618823178
0.014178465932721984	0.01577007640486636	0.014585388228868894	0.015507344628119717	0.014883457575841332
0.01408035633490062	0.015299712529267808	0.014161859317432583	0.01574330985107844	0.015145444070629769
0.014252369532652215	0.015787416078207436	0.014397634502948082	0.015635931973948202	0.015504690096773145
0.014019470771445948	0.015202545665699958	0.01407827133708216	0.015593514184627073	0.014968768062303446
0.014066826866563326	0.015287760164007489	0.014015807882141885	0.01557684176222748	0.015152312800897962
0.013981974709902884	0.014999075156762772	0.014105684636041635	0.01564648129103127	0.015017246917995348
0.014211080206172242	0.015011025273510246	0.01416008169655604	0.015536200593385239	0.015461879279797957
0.014095951600567163	0.015149179407778898	0.013902254045352596	0.015577266816897766	0.014802806146080833
0.014081616566785618	0.015115604566796052	0.01381091689667128	0.01579111908345729	0.014694312830334112
0.014204047934707165	0.015108102003631703	0.014089381246043893	0.015557852187825124	0.014597338152682547
0.013872309907070352	0.014963850359934989	0.01396582304450023	0.015626058878038848	0.01451625109500134
0.014031178710977447	0.015120252538138958	0.014285129966581121	0.01577771255922746	0.014482197906736225
0.013926487342190102	0.015112232426395804	0.01403929774537492	0.015110175542133248	0.014756332182556474
0.014314374207611892	0.0153877155145492	0.014157242813359585	0.015101783642130885	0.01458457652288857
0.01389335250467671	0.015078813256814953	0.013892403186853882	0.014907962492550428	0.014463886694834966
0.014135661918450804	0.015027415969640096	0.013932060483662065	0.014871305521682403	0.014606707767509587
