1	2	3	4	5
0.17062511739096672	0.1893939465713276	0.20649921004451938	0.16469416665687742	0.21320738998462146
0.062029486470448765	0.0698306799721298	0.07246336091492474	0.06120809360639625	0.07608563923187592
0.051472415678949786	0.058472304694306886	0.06023222855381621	0.05219539085319681	0.0645528213301701
0.04610374203916869	0.05177644866187049	0.05408202665351601	0.04695431376769665	0.05887399568184735
0.04247673210511201	0.049028547814310514	0.0499692338048173	0.04303608606976549	0.052520984942629655
0.040897794814506325	0.047585440176064545	0.047570806973651514	0.041108553996806116	0.05072509893563701
0.039430816957691336	0.045059865042726105	0.04589673245488519	0.0402522524113832	0.04709428259487281
0.03753903319538912	0.04199677257776771	0.04451144830004047	0.036981185266712305	0.04415735253678967
0.0369684687261579	0.04139582477589401	0.042532084472000874	0.035834443199434365	0.04351200521397376
0.03580192379605798	0.041613735739133746	0.042561796376668334	0.036865839035685175	0.04259149119186438
0.036382921885992896	0.0405696390657378	0.04086347639576583	0.035153907108138496	0.04090400531625888
0.035145393592605316	0.03968033722556156	0.03919038243456753	0.03405645073079731	0.04098954581931588
0.03537904744995621	0.03880775942683598	0.03926312230301024	0.03447890432992346	0.040852560898038875
0.034357308711944014	0.0379195728345212	0.03869388911968419	0.03417855687836593	0.039380289677744956
0.034309888869198314	0.03748606467472593	0.038821746013375444	0.033171540036845214	0.03953136875232587
0.03346630744040327	0.03735531236468032	0.038460067199316744	0.034363451532956	0.03943153318645224
0.03267741108587238	0.0365540486281869	0.037104194809092904	0.03260485402373936	0.03879468729977666
0.022755503811355233	0.03689782152365426	0.037757515790127635	0.03264731548027573	0.03804036776330683
0.018803190143068003	0.03571888449977138	0.03607267662803378	0.031258863873525604	0.03809601026795695
0.018287198854856555	0.03617726932805989	0.037180221631630525	0.032818128933697205	0.03728172371485659
0.01811981312573143	0.03663135304459251	0.0366020321067589	0.0323579234740278	0.03723859858673331
0.017855568606255527	0.03497116349693112	0.023283903221927416	0.03234349983011575	0.03831195627162452
0.01834285574784475	0.03441306152172496	0.02118594219773085	0.02049921170623699	0.03647735230386385
0.01807342550959557	0.03457024920660296	0.020656921689325106	0.017807033027150934	0.0371327985123769
0.01819814745731938	0.022521523495655525	0.020470658428411	0.01719339363979919	0.035780874641933906
0.018405803954844358	0.02036860357296826	0.020417278583374023	0.017444035055230997	0.03675171864558573
0.018436975065253377	0.019531998644346623	0.020039739152257714	0.017322281764736828	0.03547270917522309
0.018704971688777713	0.019478717066252274	0.020819107078508273	0.01751371611531243	0.037011593181107715
0.018707418859974026	0.01955924478115271	0.02040567316873462	0.017528657111396864	0.036369682331360995
0.019169009860549407	0.019712881852827	0.02047445274877555	0.01796100275027059	0.02394553103239964
0.01898768453844893	0.0197931140698969	0.020687571190583544	0.017927278223425654	0.020876994839053288
0.018971908189205418	0.019664916620929365	0.0202134349249375	0.017897632679959613	0.020180893253221296
0.019448533777330218	0.01974150340960444	0.02084873413849771	0.01803839984121543	0.02016701253810162
0.01897335645438892	0.019586481585868346	0.02077216225197667	0.017982899065393555	0.019930355258778468
0.019135916965014776	0.020021793302466305	0.02060502550022594	0.01842155624905833	0.020424926881867058
0.019350544538603083	0.02052291894633412	0.021095876512465216	0.018389937769708986	0.02079763211635576
0.01952876788137089	0.02044707269810919	0.021215205461080706	0.018611354634725765	0.020606430650535773
0.019328642119246457	0.020051375485217973	0.02143727009520252	0.018700381937518173	0.0205918370581258
0.019079260766379107	0.01762831379780604	0.02061994241844457	0.019140183221675877	0.020713824737094218
0.01942664239285534	0.016754049966151492	0.021378992590060358	0.018709398157743706	0.020851545492564454
0.01956178367769382	0.01670195078099968	0.021191535404384905	0.015561601793421278	0.02136032676884234
0.018958396090667178	0.01665059035258696	0.017974145137079407	0.01480787603863712	0.020938452803837573
0.015760462825446683	0.016779149847248123	0.016749956628192522	0.01476374095671181	0.021623635318066704
0.014684304795555603	0.01679081358770128	0.01659646640364915	0.014885077368654706	0.021638191547363926
0.014586493072074165	0.016822146027902957	0.01652469057272047	0.014897023053116994	0.02151508964717325
0.014604686342402187	0.016906389608176996	0.01650159924116328	0.014984099224690342	0.021469684272035477
0.014550816356095226	0.016863607145202505	0.016533361452975175	0.014941349239356671	0.021860751120854165
0.014663459664619738	0.01686965802591093	0.016534907997512366	0.014949355401031211	0.02171799234017286
0.014853396587498766	0.017074880300403456	0.016708945376433124	0.015220903991552782	0.01847365390715888
0.014723597555113505	0.01693029689298734	0.01660536355904934	0.015063858715130255	0.01737578345913447
0.01488171220381757	0.017091579234866948	0.016610976270854734	0.015147757260744455	0.017276532058395543
0.015044955788914974	0.017079080441601256	0.016788236891179635	0.015324662226055672	0.01719959684536416
0.01498352839792175	0.017056616022189986	0.016747772173860705	0.015293534533349052	0.01730273428089074
0.014660156916266985	0.017156312455619747	0.016942807977625943	0.01545529794305373	0.01739937768005993
0.014547643820638018	0.01706471954083153	0.016426903777507603	0.015476194475449786	0.0173232774369355
0.014604865584268314	0.017134159108373646	0.016325706816606028	0.015438478765214921	0.017472245853576974
0.014615461547999994	0.017300926152862987	0.016207820780551434	0.015620810854465136	0.017586687375217472
0.014568715417848967	0.016628185404277924	0.016201408987026874	0.015553297398528508	0.017533135172456235
0.01459825636723689	0.016604087446808316	0.016254927273958854	0.015560817339324526	0.0176804419547351
0.014568947394614782	0.01659667743608231	0.016217910850456325	0.015026588215311958	0.01707576549173133
0.014550382993233664	0.01650575739788269	0.016250572675195727	0.014943519782926292	0.016962075653646803
0.014675885990464587	0.016608948062763775	0.016314979884396206	0.015033406510289858	0.017080333875194326
0.014572427336023305	0.016477880599314796	0.016202722152849944	0.014933474858337124	0.016976679705067475
0.014568086480721826	0.01649891068714099	0.01625051114088629	0.014915106457167624	0.01701070038454808
0.014600099286815119	0.0166360037113383	0.01630789807626307	0.015029507691163754	0.017116980025989596
0.014515843746790491	0.01650583855450344	0.016200595240452184	0.015013169321511543	0.017035784328908416
0.01451258284589852	0.01646323739412004	0.016148132893111875	0.014982218529457168	0.017066578308283203
0.01452205069700698	0.016529252424018016	0.0161810921185386	0.01496922023999476	0.01703291711435199
0.0145516902653139	0.016510604591821767	0.016240432700598974	0.015035415573645315	0.017186947716975896
0.014521549173843256	0.01637226805887194	0.01615474781821739	0.014971032213947888	0.017098532374034817
0.014510627728261389	0.01643203375195816	0.016129204512401026	0.014885880618489217	0.017039660433891077
0.014546704533170347	0.016518939968579803	0.01623312519765944	0.014875726198463812	0.017134004834491304
0.01456388362597969	0.016509322577646597	0.01611314884234054	0.014889128775750875	0.017026221790690535
0.014525396525978984	0.016438050128058847	0.016157751913859587	0.014830103278088614	0.017004087905901886
0.014527982602249396	0.016500116837248682	0.016176002264928345	0.014919885105566619	0.017041598374186874
0.014482806110059584	0.016467005179237843	0.016148750330688844	0.014875924797541993	0.016990829474612425
0.014492576853481366	0.016485711836667125	0.01616115544511595	0.0148678870304728	0.017001958441799445
0.014582303304002798	0.016433780182844054	0.016205304441278563	0.01491629645558023	0.017068463539494157
0.014543821841581605	0.016496161312690914	0.01614896500252808	0.014927159645346435	0.017003722606040127
0.01451938366964221	0.016431678761678455	0.01613498307607656	0.014856154839299725	0.016993323215908948
0.014492500777930207	0.01642981649978138	0.016072698361945286	0.01488813695742059	0.017003463222774292
0.014505189770995491	0.016427922659297427	0.01611554561687239	0.014873901893422485	0.016983185637631085
0.014491216018934962	0.016403196019126466	0.016102744719641078	0.014829677458145594	0.016965118309320095
0.014587647017480719	0.01639649177542024	0.01614154264408309	0.014867272236938477	0.017009381687383765
0.014541466141552498	0.01641718733475914	0.01607455662600616	0.014830355935080702	0.01700114373610154
0.014543819737169877	0.016452759068443394	0.016160802367621914	0.014908646498479115	0.017022325260652057
0.014542545967383861	0.016406394589914754	0.016112599290534046	0.014847878591099909	0.01696740339712691
0.014465087788926167	0.01639106313833026	0.016098896282782642	0.01483331820858059	0.016957814130546863
0.014564981705435657	0.01649725874032038	0.016208267601421352	0.014915029796064775	0.017031151432988792
0.014498861491191643	0.016490803459591703	0.01615974413447463	0.01487036123484579	0.017079350305224738
0.01456400289732431	0.016479225309470345	0.016139656384247157	0.014932249395200594	0.01704554145198577
0.014546350561090299	0.016425288523108497	0.01611973140597233	0.014908249996332472	0.017028485074825975
0.014559222351529328	0.016431696417092134	0.016157432667799825	0.014891462555941523	0.01695050047472245
0.014501371453684969	0.016442217039508312	0.016198841732805534	0.014876402331702815	0.016971617980774765
0.014499449416367553	0.016374362161013664	0.016084976218787756	0.014834068657985245	0.01695995699109902
0.014481355941522799	0.01644330393018593	0.01613858195919312	0.01486284460828725	0.016963312499669925
0.014487107014303384	0.016387833874605122	0.016113229967189082	0.014861905987539305	0.01696743505266207
0.014551221715735155	0.01639568802020921	0.016164036489514783	0.014845469759018631	0.01695886686313223
0.014543254608546555	0.016425396847937795	0.016120343095759965	0.014900499001653713	0.017006970108000202
0.014547292926489735	0.016459333006419666	0.01608457632446245	0.014853592659694267	0.017066176168557042
0.014472787939647501	0.01644710847524119	0.01609307043909676	0.014800935752316524	0.01695663276821502
0.014588481337546918	0.016441783042195676	0.016180655842563535	0.014907534025720698	0.017013281316700966
0.014532724704180398	0.01648941016477989	0.016161773090205125	0.01489441382285676	0.017021045917823812
0.014548258268153235	0.016435777593745624	0.016137021456235485	0.014848907308371025	0.017031039935407614
0.014547913600859453	0.01639343826854819	0.016128234882979993	0.014878811865751112	0.017040970954678606
0.014524375007096624	0.01644613171842243	0.016140092171228183	0.01487426085671636	0.016993363165477306
0.014553584424512728	0.01646642001476814	0.016167333669293293	0.014882210395864837	0.016993854273317156
0.01448203929499395	0.016391512598278413	0.01609016055348458	0.014846543174808912	0.0169405123429385
0.014486004569645187	0.016371070877956678	0.016112714418088942	0.014776641342129663	0.016933029858089668
0.014547756399466854	0.01646872956021779	0.01618115768841365	0.014911310056220504	0.01705902026418143
0.01451336232615686	0.016401498928479436	0.016093587891550167	0.01485778096574805	0.01698715249394207
0.014447831370528227	0.016385869165239087	0.01606261800043286	0.014803083716774548	0.01694454323859818
0.014565159692796377	0.01648266079511914	0.016155879287771985	0.014943878342117524	0.0170211094949863
0.014474874647802866	0.01638205364139986	0.016070044322459624	0.014806295047079256	0.016917372021133067
0.014501253135009875	0.016433029554720768	0.016131934022276744	0.0148853846509923	0.017006809816264817
0.014515420999814824	0.016431403506710043	0.01612517373638352	0.014862841037886423	0.016923593408835216
0.014577245342233442	0.016482630674578343	0.016186825798026157	0.01492139640133153	0.017085736296745296
0.014517054199052451	0.016418127677659558	0.01610400704448539	0.014858987283156207	0.016989050818277597
0.014578158084525552	0.01647332561577657	0.016148312467096762	0.014902098959228439	0.017036449763852372
0.014508976053986667	0.01644387416172227	0.016057550019499208	0.014852862042595316	0.016982574231311016
0.014504731801558911	0.016357837329263172	0.016110431900851607	0.014827684258549682	0.01695407620533858
0.014536713327922578	0.016409274839015733	0.016108598022946067	0.014830028985752105	0.016948009389383126
0.014454510918300132	0.016386686959790425	0.01610682426697648	0.014823585505913029	0.016933760030874236
0.014530145108445613	0.01642342667871796	0.01612456853159947	0.014878634286464555	0.01701261265886458
0.014500445472314818	0.016373182495019397	0.01611453977459148	0.014853130214845628	0.01695153904435383
0.014500299852385105	0.016442738130871378	0.016150646661318893	0.014896550209823457	0.016999094653676043
0.014528745934784192	0.01639760033920536	0.01609556635579608	0.014857498169846845	0.016974932682920888
0.014560480035646858	0.016464298922143607	0.016137815293556127	0.014885874714321115	0.017075292283553967
0.014533728283188576	0.01640260247722158	0.016117964373297808	0.014824213938160077	0.016997663907881492
0.01452845195655836	0.01645768517062369	0.016186610559251795	0.014894950316786004	0.016976579760652043
0.014484326402817584	0.01641628360038183	0.01613343252873878	0.0148523724752107	0.016993499495017574
0.014503941435350975	0.016391731540003285	0.016100389103510446	0.014824984887086641	0.016963675412645277
0.014488632903932758	0.01635750078969499	0.01607552280317922	0.014785191669230105	0.016992405603038087
0.014525873232076858	0.01641757773813296	0.01613506044386262	0.014811361520819225	0.016958734987657056
0.01446401918414178	0.01633045543382352	0.01607755721925992	0.014835799241990542	0.016882745051649266
0.014530464027847427	0.016414243949334946	0.0161069392480814	0.014865256027816963	0.017029254363158726
0.014467548200193402	0.016392555297302748	0.016061306562223064	0.014817567333690268	0.016969743929406214
0.01452549052154665	0.01640793559516767	0.01614051014095593	0.014839527797130657	0.01693085632296894
0.014495768054112452	0.016383663983519134	0.016131843232226026	0.014855350967425145	0.01695794597722845
0.01449215122913596	0.01639399531462203	0.016049916033885253	0.014813768516566699	0.01696539611202171
0.01449344364920262	0.016414148069775186	0.016090908034174418	0.014839574536765373	0.01695374267866838
0.014534600970666927	0.01640294154863685	0.016124926259252683	0.014859440434140272	0.016994768220470597
0.014504669118485932	0.01637603632404781	0.016116765257257068	0.014876064150405544	0.01695783435950862
0.014445107913752801	0.016372732682101935	0.016089422315525945	0.014856241520311526	0.01700302730820803
0.014457860399089235	0.016366853087798942	0.01615436444642829	0.014823493104416139	0.016895969776607477
0.014574147050461566	0.016442828782911586	0.01619283265041024	0.01491464738712224	0.017043363844066354
0.014477375266291125	0.01639668330915575	0.016111268906165047	0.014806284855153647	0.0169409832297596
0.01455010283541784	0.016456826896801877	0.016148727371303753	0.014870275942874815	0.017037980670510513
0.014515553123510272	0.016426992984905603	0.016131583938815964	0.014870581226542515	0.01699968127768116
0.01453097269330215	0.016383318967227622	0.016144242924528866	0.014864086891824349	0.016958008931854444
