1	2	3	4	5
0.17992924696712234	0.2076242090002309	0.22776907116873696	0.16854275208212788	0.24141894789662846
0.05699206609874644	0.06517909089528297	0.0674724522144048	0.05636640524130264	0.07335395267062474
0.04613258180095315	0.05409086361797505	0.05522142818916456	0.0461802006458868	0.061495285123777325
0.04018171743225694	0.046035538542705944	0.04842106088487582	0.04056210867536345	0.05498130498791553
0.035933061187137696	0.043793366471333264	0.04359799891170153	0.03664759998080706	0.04752943505531051
0.03311229004328059	0.04020959922452087	0.040997652332983525	0.033807733989775414	0.04518425285911508
0.03250537255902024	0.03897556887347814	0.03909703652992018	0.03355292314445098	0.04181181100099833
0.030070480054566067	0.034141858364505034	0.03705967750265273	0.028850943696047727	0.03745001074530363
0.029307350238312515	0.03553824584041515	0.03591324213439468	0.02882845227572838	0.038258328168059144
0.028245492113519823	0.03465383657927451	0.03493899843300075	0.029038492844366562	0.03592207487712282
0.028632447874145723	0.03332809283971972	0.0330627609187288	0.02723195260640845	0.03388630503069743
0.027476744642898218	0.0319552819715189	0.03189692958426886	0.026178436248557254	0.034762481771616
0.027551256898623772	0.03170749459709567	0.03151351861608057	0.026601100922313957	0.03485073451437293
0.026702294400188217	0.030157544262913734	0.030554119898661636	0.026048918423463265	0.03252888133308528
0.026211985027485073	0.030317381342082627	0.032116109703872	0.025616827140897833	0.032061319004919056
0.025549509661840098	0.03001576359830558	0.030344392117390866	0.026555283698064695	0.03348758688637382
0.02485648173886512	0.0285153023100325	0.02955229216213547	0.024719070331421882	0.031565883588085625
0.011933561853333708	0.029645119763926652	0.02969280548536702	0.02409640193057022	0.030823595452505646
0.008660295583518232	0.02768188362706825	0.028178752747489468	0.023190464760893703	0.03136376336193096
0.0077743399203189035	0.02816277833730935	0.02944570252381916	0.02438416756959611	0.029092469490937464
0.007424630579163331	0.029092660674185894	0.029297333051845696	0.02440754825007051	0.030677560911472154
0.007132054074232514	0.02729467536880771	0.01373663856022394	0.02359446966007894	0.03109039911138479
0.00697056815025212	0.025967580141193828	0.01063980670101734	0.011198402901710291	0.028991993516683575
0.006808436600797208	0.02742964943557152	0.01002097588135744	0.008118182653064798	0.030177248073920523
0.007001698446045043	0.012906956436759879	0.009507143588017818	0.007339641453821401	0.02838366898074587
0.006750973108321871	0.01008773708010096	0.008873248460895227	0.006927729859056551	0.029702837243358458
0.006793886977138673	0.009083729682128807	0.008758915218907886	0.006699430305502813	0.028075728668714117
0.006784057957050742	0.008818642158847631	0.008879213884566174	0.00670485116138276	0.029828370594457268
0.006846728585739889	0.008353160788068791	0.008491303913716258	0.0064764375260262606	0.028461895106650235
0.00716425102652867	0.008275711156332537	0.008460932456925986	0.0064860115935807565	0.013822566966083388
0.0068583032513446366	0.008152257510101497	0.008236942965704118	0.00641752241739332	0.0105700435093058
0.006947598639510269	0.008155406142440024	0.008181302127108646	0.006336837460392161	0.009577870613702738
0.007267906100673876	0.00804389726175969	0.00862287938880768	0.006417749841798789	0.009273197216940905
0.0069750353583752315	0.0077871003194150135	0.008219871973829349	0.006405229050753469	0.0087542581890247
0.007254211837227252	0.007984175861104215	0.008276627189281204	0.0066117005887379775	0.008907288506523815
0.007206809007004699	0.008229226183726079	0.008778916547265559	0.006531324756861941	0.008901388175896746
0.007184114201919734	0.007927804088184255	0.008435377682338784	0.006565917519602313	0.008669279507800214
0.007281688801539161	0.008038505467016297	0.008839863497438209	0.006774629898138958	0.008378861430309597
0.007056644915152334	0.006045434487931954	0.00833194307498395	0.007140552472156373	0.008600395133119146
0.007333210592013181	0.005410664049642438	0.008850538809257538	0.0067696982045481165	0.008341008523252726
0.007299532553852242	0.005277033842134988	0.008987634209419549	0.004659811663788868	0.00892304089754375
0.007223764274106507	0.005153104142625455	0.005892404983106108	0.0041419114209592395	0.008699324843821243
0.004611872331197579	0.005160057966881346	0.005112617989497652	0.004069468189181797	0.008923710472802352
0.004085162779622109	0.0051578087553477234	0.004994954870167829	0.004068174343834171	0.008999801348092588
0.003991367413537266	0.005178231251503486	0.004944967602425291	0.004060278807494681	0.008638456600831384
0.0039056421357836495	0.005155447366109282	0.004887354109428327	0.004078877496539058	0.009058713756088627
0.0038847694777127007	0.005116233349974346	0.004862517221713631	0.004073343609076443	0.009310201422047259
0.0039009181077657596	0.0051617374760843425	0.0047912941044216395	0.0040395908193714405	0.0091216604171722
0.003884220477203528	0.0051046152823050585	0.0048276281452425945	0.004088970416013014	0.006306286993821753
0.00390855804371681	0.005135266092429155	0.004817771101827168	0.004056835531203483	0.005597159830428391
0.003927309928870979	0.00516172265733229	0.004832310941137836	0.0041055019531867605	0.005524115751126109
0.0039040546587257347	0.005094288071907407	0.004825952262289996	0.0041099372131229665	0.005424322712836844
0.003943676521171572	0.005112398375095784	0.004818938641763254	0.004111056658886133	0.005425496497995721
0.0036622061858823437	0.0051332839113324555	0.004879968435461838	0.0041509038979199485	0.0054124761889102905
0.003630958296217594	0.0050799950333272415	0.004525087693128299	0.004117906371604151	0.005337854733378856
0.003661008474768509	0.005111831792894359	0.004497368349385919	0.004132724887848316	0.00544955897411065
0.003644786560649814	0.00511210956432021	0.004435725393705068	0.004161389896582599	0.005392066104266085
0.003639062662531478	0.0047030696587791925	0.004414470005990948	0.0041169139788920965	0.005350228712788775
0.003636376761487804	0.0046970762346170225	0.0044602200866484245	0.00416964706756285	0.005401525716446261
0.0036278177744774494	0.004654638082740199	0.004409682128761117	0.0038374643427814257	0.004971865313137573
0.0036163286381422984	0.004662303868105319	0.004433002605883362	0.0038079960338239173	0.004933403870924865
0.0036635857352466665	0.004667740937238973	0.004443318889623307	0.0038412268887132966	0.004969636417939263
0.003636065292170147	0.004654216669452212	0.0044075349928624635	0.003811955429129064	0.004967487903673263
0.003630975502352517	0.0046352752219281914	0.004435359688996001	0.003803637936643796	0.004920264102343812
0.003604951862202114	0.004672871524049073	0.004440830959660455	0.0038172661590932045	0.00497347274139873
0.0035763920268921585	0.004638434171295366	0.00437476787009219	0.0038209903224714907	0.00496527450635775
0.0035811949249253726	0.004639711025466856	0.004366114804112135	0.0038417732920934537	0.004974399320483366
0.003578870287929568	0.004617586353374739	0.0043575364673363315	0.0038146939811739577	0.004927355800070232
0.0035740312232054087	0.004603766445030788	0.004401933638625213	0.003821228819488209	0.004983290789156426
0.0035917738766304223	0.004560469001628901	0.004355178898456557	0.0038105557461195717	0.004962418521039568
0.0035767136253356973	0.004589443437324205	0.004351157522790116	0.0037633958441425763	0.004881246224430993
0.003587324448775795	0.004619339690494065	0.004398036393215819	0.003771575271034802	0.004946261104236023
0.0035817642335785912	0.004574490764212093	0.004341656035348482	0.003748536340272755	0.004872316653445079
0.003588403119389879	0.004583282084929056	0.004371776343829666	0.0037372976120537524	0.00488652097883382
0.0035844714366403945	0.0046184593857552005	0.00437356006584442	0.0038003201113898624	0.004886480534314185
0.003541315026057047	0.004580964524197631	0.004337656819549544	0.003741063475449966	0.004871662323877441
0.0035503504823631176	0.004548306042737543	0.004339843310280712	0.0037365051697312167	0.0048558131765836345
0.0035967730558606457	0.00456545699183255	0.004372348115324719	0.003757387966112192	0.004913720467102048
0.003595240674773928	0.004596224796128218	0.004345872665324543	0.003791961650640121	0.004876147248724629
0.0035741944392241524	0.004544991173787412	0.00433415193448284	0.003728121593554836	0.0048642815279363325
0.003549893870195155	0.004533742392646161	0.00430790212319127	0.0037434389094895583	0.004857108939184888
0.0035684395448437774	0.004572672789284927	0.00433902962129317	0.003757381126649978	0.004903567263852558
0.0035755225533702925	0.0045525686088592	0.0043261805345723246	0.003727594950496514	0.0048480799147632815
0.003590527560506293	0.004539760711318902	0.004333694171565552	0.003747909260329919	0.004877534897517424
0.003589676659944445	0.00455273758929803	0.004327964338251574	0.0037344636206677975	0.0048759060633579284
0.0035842716518138204	0.004573521104011773	0.004338469880539734	0.003763581336692357	0.0048754669155981105
0.0035906222227937014	0.004581410892065496	0.004349252426508332	0.0037472638925080746	0.004885549691797628
0.0035223040857842785	0.00451690820691142	0.0042940255985267645	0.0037064948124187536	0.004818040933181985
0.003590715553627404	0.004589128693236087	0.004381711162857091	0.0037571031457262006	0.004884080996097473
0.0035559864861688163	0.004579039997478792	0.004360252992808028	0.0037459641412547874	0.004885254936145819
0.0035959510998959257	0.004575768749027062	0.004362615957252503	0.0037837092698152584	0.004880996145703189
0.003588790861842061	0.004571247489940223	0.004344513278398942	0.0037603175192118176	0.004874557475132475
0.00359067464344648	0.004556436991708268	0.004365280454755938	0.0037655556124688663	0.0048364476004897385
0.003559359062367728	0.004562252456310397	0.0043651776185739755	0.003756329519495464	0.004847429964794659
0.003556190691054311	0.0045206311967041215	0.0043056415481322104	0.00371627455581226	0.00480631481546329
0.003543846605560069	0.004539496311024311	0.00433827158627607	0.0037286807256721	0.004826076903632647
0.0035486489987131874	0.004522777417166308	0.0043170108978173895	0.0037392454925797413	0.004831876257247828
0.0035787685585619324	0.004559713915717216	0.004360132222460995	0.0037301999518274446	0.004842072178466695
0.003576064000783892	0.004547403983847255	0.0043356507333484045	0.003754151292514602	0.004873987259482272
0.003585357740739868	0.004572216304702199	0.004327346343916462	0.003727970844648999	0.004887110408721193
0.0035531517293955527	0.00454586120530852	0.004320482663345584	0.003719263751782589	0.004836131953127953
0.003596160668077502	0.0045733127300180716	0.004364481630192986	0.0037669698456560406	0.004876411266263512
0.0035741024867577877	0.004583086000322532	0.004360881751216546	0.0037586660705693446	0.0048708186590615135
0.0035705793259748794	0.004567239159491777	0.004343666193851907	0.003730231275492066	0.004874323928621468
0.0035679793990115853	0.004517432371738241	0.0043180942146190966	0.003742139913570653	0.004864915484574428
0.0035765595209878123	0.00454737179910641	0.004351774319958715	0.00373414749784002	0.00487354027826204
0.003595080990185422	0.004563786928404938	0.004353665804335556	0.003745799001528699	0.004854169683153627
0.0035649359031125678	0.004543254948727516	0.0043333527614185866	0.0037397146527804355	0.004849888833124498
0.0035628372195687114	0.004528976122000775	0.004337957461497616	0.0037214905927096735	0.00484547902669099
0.003581069371621331	0.004557091688145517	0.004368438632157979	0.003761204236349873	0.004894548399584381
0.0035571391631696193	0.00454414658683306	0.004326110164116601	0.0037344029557499995	0.004861317714974129
0.0035531873991494515	0.0045086825782778665	0.00428673147615085	0.0036985574524476352	0.004819451157114845
0.003595269958315881	0.00459244130040283	0.004344826679366998	0.0037793512570300394	0.0048889773917684285
0.0035352803447019727	0.004515882769126944	0.0042981002152140835	0.0037084618078937915	0.004806785309103443
0.003566575540440171	0.004534333537239385	0.004342054384254191	0.0037483696424678303	0.00484824035096286
0.0035593023345962555	0.004535302448310829	0.004332720582037844	0.003733286676285017	0.0048017436727833705
0.0035842704539026395	0.00456522922935103	0.004349633814024327	0.0037406662395640996	0.004866026673537452
0.003592590490646007	0.00456972306232844	0.004329666098170695	0.003749070533199797	0.004864523703577931
0.0035936157971219436	0.004552620823737354	0.004344072116207258	0.0037394317732289866	0.004862015120196599
0.0035580595705046593	0.0045216579793461885	0.004296766327960148	0.0037199400771441037	0.004816762582738517
0.0035571397365585203	0.004520939157676031	0.0043308695367197895	0.0037164311093498647	0.004807889770303389
0.0035771488357009672	0.004532967738286927	0.004337419303995908	0.0037397707083713263	0.004844277672199554
0.0035310382979598346	0.004511784101381638	0.004317522358729128	0.0037096677797792883	0.004808980060606273
0.0035649164895544937	0.004539458577566817	0.004322928426139893	0.0037340668163129277	0.004864896995140549
0.003573041977182125	0.004549637574380812	0.004346478934229007	0.003745033152040038	0.0048551690841177044
0.003563559473132778	0.004582104553132927	0.004353411918652973	0.003758677625969084	0.004871567382590412
0.0035730772334009995	0.00456499848077928	0.004335146790533179	0.0037453623586840667	0.004842488440686955
0.003584120929715775	0.004548196755806362	0.004350675132447309	0.003769530547357826	0.0048917229113572104
0.003575122529473993	0.004538182920810066	0.0043366257903545416	0.0037287898512600847	0.004873339907387333
0.003567005349283438	0.004585328555084082	0.004366439893526008	0.003754401919561059	0.004863895638696922
0.003552488478293805	0.004557815440960217	0.004342780133752999	0.003722030718101937	0.0048554353922335486
0.003568754665978524	0.004529023189534512	0.00433553127782432	0.003726570610838659	0.004840403750066218
0.003543300480186655	0.004502013414305867	0.004308680827016518	0.003699387146183836	0.004828118937097981
0.003570316737936709	0.0045512457641818625	0.004326033674037531	0.003721548214074231	0.004843011879717615
0.0035552687472356027	0.00452541264453168	0.004327312275679949	0.0037274187855692534	0.004822213293067113
0.0035723354163537933	0.004564881267677397	0.0043204172493528535	0.0037595011643382263	0.0048690088562913635
0.0035452893835855805	0.004508591084274404	0.004301141728081113	0.003714253172786758	0.0048596761169543545
0.003579778661792562	0.004533610920280793	0.004352289405879751	0.0037451710711831026	0.004840099842531852
0.0035571834809188536	0.004534253080103444	0.004328592145231679	0.003731719469393433	0.004821794765836589
0.003578401266484023	0.004554690826169929	0.004331695262902676	0.003754916110399689	0.004879016129832187
0.003569337052863035	0.004538034200608766	0.00432572644233688	0.003717101432248028	0.004807500074853869
0.003575139000628594	0.0045556848062508135	0.0043339284696876385	0.003735647479227101	0.004851263542192926
0.003566943678452865	0.004533893360730521	0.004336642170412292	0.003738430747663034	0.004838877467752329
0.003540959755784827	0.004520955255259075	0.004305530062962025	0.0037171125780842648	0.004852912260660289
0.00355545765926827	0.0045270024752145106	0.004350243659038688	0.003719382271516138	0.004795788384195586
0.0036077635881028294	0.004569579926587501	0.004359938738458576	0.0037719446893678178	0.004897537033583947
0.0035572775524419374	0.004521090112356495	0.0043151598812928805	0.0037147507105253024	0.004814094131085666
0.003588948806654463	0.00456574036310842	0.004343350978889893	0.003727916943362115	0.004872484127186666
0.0035494338181902407	0.004551636795304825	0.004334607932553772	0.0037324010302175665	0.004849351391738364
0.003572344480614577	0.004555260947744633	0.00434529759895319	0.003752673807333527	0.004855755761738364
