1	2	3	4	5
1.9003944354289026	1.689020667539532	1.8020118124344775	1.8276666369279637	1.8662314225950507
1.2865072851595678	1.0626688262690656	1.1387977790649573	1.2719532594351513	1.2551729785816752
0.9723307452238433	0.8311569423931642	0.8643950021175472	0.9629133194303876	0.9393467182088691
0.7878454938873914	0.6993740270357304	0.7223871600292525	0.7893750798671749	0.7729493653987676
0.6899427916387768	0.6328883931002651	0.6544619265877071	0.6874051785377592	0.6763036003350607
0.6271952939460342	0.5927020882249187	0.608469276705666	0.6372498374460908	0.6175453244420268
0.594361219031121	0.570885247129308	0.5928701731707432	0.5992080480851174	0.5884080812754228
0.583049282241051	0.559474614841858	0.5795502554044089	0.5841457222581216	0.5720619963258122
0.5754258612842508	0.5552577666766804	0.5713460269334065	0.5767151953466713	0.5641866062608221
0.5644212330851104	0.5509147840692564	0.5694433488809235	0.5660157378219893	0.5610504860768235
0.5634924123811604	0.5484852292348662	0.5633160286699718	0.5655969602372644	0.551755794402584
0.5618211612524581	0.5509585528574936	0.5593571701775425	0.5612975682901307	0.5525803442501348
0.5615039044786295	0.5462653283267984	0.5598271012001331	0.5612143584529449	0.5550828973198177
0.5613123138085045	0.5442466320436634	0.5582482858996861	0.5639927074732377	0.5499018554187489
0.5542335580377016	0.5450259848781255	0.5541119412388025	0.5520315645905709	0.5482278636196991
0.5625948839632756	0.548513315370321	0.5617162355071746	0.5560033699435653	0.5506025794369492
0.5545558835691808	0.5461044744457425	0.5513375589762193	0.546054620190959	0.5472751005988589
0.5626422978575579	0.5483349726328152	0.5537976246813072	0.549490720567192	0.5451399254067174
0.5543165027790364	0.5408771829989251	0.5471508938943025	0.5463541304059041	0.5424458838027454
0.5486160784273804	0.5405579571376375	0.5444317364784158	0.5459809191239152	0.5416149120501548
0.5548426590459734	0.543274713751605	0.5461356834987242	0.5443127954859864	0.5483395262142581
0.5581304808254438	0.5464577751848706	0.5489999650384457	0.5436152537612972	0.5454506599689692
0.5532536175092466	0.543270585786961	0.5438364129084754	0.5470239202994523	0.5501747719772028
0.5531099948584277	0.5412053607613839	0.5434001436471335	0.5409688804003292	0.5459404207404013
0.5573466388160927	0.5430139109606626	0.5450037278787563	0.5428082776039158	0.5472854484834945
0.5567835693621574	0.5423648397788368	0.5436034518129692	0.5452859930675047	0.5414667839132004
0.5556859582129032	0.5432629913015438	0.5451061554119722	0.5437638994373021	0.5434112782063694
0.5507485707245214	0.5448784030916743	0.5518964558001371	0.5442935957780584	0.5464548298617461
0.5531657986781174	0.5338367514902971	0.5464938154915713	0.5394108214646655	0.538725870725749
0.5539456626490872	0.5387092007852882	0.5491652952130794	0.5439780062574263	0.535509895561906
0.5537409752683566	0.5406167127592176	0.5491482762576984	0.5476244898403393	0.5450700634275859
0.5565384877154894	0.5461118647357085	0.5489777325821653	0.5429542129454409	0.5408725902400049
0.5519283855967505	0.5416591627823418	0.5508011315027466	0.5464730143089733	0.5433181324578307
0.5534158785019989	0.5502288069414057	0.5498882522973261	0.5511137730325271	0.547296014893084
0.5636910852568843	0.5415292670354818	0.5463916907834881	0.5465129496496348	0.5472321965352958
0.5586006941697793	0.5468762431608141	0.5484233769157049	0.5525514985746746	0.5497523428076675
0.557761600255356	0.5407064558599918	0.5532091567888282	0.5437430078568666	0.5477801784682456
0.5603013646877026	0.5484882270741037	0.5466499503158854	0.5517232650533659	0.5490766094468743
0.5579040465909805	0.5418814394022803	0.5479125055815562	0.5446376497940644	0.5463733381932345
0.5551993125082589	0.5448386458027397	0.5490510965247289	0.5427384945895054	0.5511628551708767
0.3863992422742918	0.3767014354314946	0.3740782717914536	0.3721494440303738	0.3825378425590826
0.3262304741784433	0.3114109024443591	0.3133541124937174	0.31244720594809783	0.316543532454449
0.3009212064316204	0.2856207614588311	0.2889237063924978	0.2901495237027288	0.2919754451879151
0.28449648108018966	0.27305373621871093	0.27617074892191656	0.2752301669715311	0.27969858050346386
0.2703742490095252	0.25752125179295043	0.2603561678124817	0.2646928720957485	0.26557325055379705
0.25877454413858525	0.24655170633893492	0.2503354305501485	0.2509744719928488	0.25320751593469676
0.25108022280894887	0.2412968792802536	0.24490666366599112	0.24628752584347643	0.2479179575086555
0.24720295158493555	0.2367438534298516	0.23754423723348872	0.23748118270312443	0.23878944707114982
0.2394123561775592	0.22709395334391327	0.23069139813904277	0.23253800742842645	0.23450430198703578
0.2345208894185093	0.22151186917444013	0.22410010209168912	0.22569898144363434	0.22722082457426573
0.23501272451923333	0.2203690489882703	0.2223556938454929	0.22325740623123516	0.22530836129889767
0.22712605576152375	0.21609073993571276	0.21951464847530544	0.21923650681134088	0.22001732369441818
0.22076929650267085	0.21061268450735154	0.21373396572630723	0.213263331700469	0.21556982668616884
0.22332670833067525	0.21070358574466638	0.21359107906327524	0.21581039566289437	0.22065740080593188
0.21957765233791074	0.20989000299931176	0.2110591109870644	0.2119287706511404	0.21500962109440735
0.21785964745351724	0.20607294786311786	0.20780011590408246	0.21149562549827336	0.21107616607109295
0.21560861827696065	0.20591020143931477	0.20457439458050092	0.20641352731705914	0.207856383241351
0.216027919041074	0.20478115768155195	0.2064445215417906	0.2073970401226103	0.21088687145649018
0.21028618036252458	0.1990042445261763	0.20022254193301697	0.20300990912844158	0.20471076539639027
0.20787449777507433	0.196590939103185	0.19865216884542922	0.19998238302405252	0.2011233166889156
0.20863058221767	0.20167483111171755	0.2016230232613471	0.20194418549232773	0.20706086855410302
0.20799494885346456	0.1992493669890686	0.1982719068179656	0.19968842385370106	0.20262480022199938
0.2045638198819002	0.19321806643091516	0.19672015181664004	0.19811441316781428	0.19934556274996393
0.20736061402446476	0.19277196135514826	0.19524912562821528	0.19814464874813303	0.19906209148180756
0.2074515932737409	0.19765065922913966	0.19816242713871818	0.1998932123984522	0.2002690130144435
0.20009715220583674	0.18936375602889255	0.19488949766930408	0.19705524773853822	0.19863779080645785
0.20349866544346676	0.19448341353012794	0.19896460766606322	0.19799302585060943	0.20155734900394662
0.20130865028142306	0.1954765598887524	0.19880536785515981	0.1965314989428387	0.19886129951614243
0.20391718338212703	0.19327382983454044	0.1949019134139923	0.19525989613798272	0.19922770200597345
0.1987307366088529	0.19296917854748705	0.19326449602918555	0.1933100028225529	0.1927409270097075
0.1446180450718116	0.13789846622349353	0.13818748582087825	0.13987726068405248	0.1411699530718577
0.12285832037477544	0.11419438864187817	0.11378812388805172	0.11686821795447402	0.11700234097211867
0.11127014832614021	0.10583167504090475	0.1059993389622329	0.10811782532069085	0.10810142899375133
0.10582869814332484	0.09981934213653562	0.10009027105729904	0.10174931474792233	0.10271231438535858
0.09970618282323293	0.09130209631970156	0.0946923842334458	0.0962769085412745	0.09629957825231279
0.09647231326555199	0.0908969401922601	0.09167911964075649	0.0922723400127857	0.09333884976613709
0.09539056253974391	0.08510474067972142	0.08893825928859245	0.09012693481143473	0.0894492818495196
0.09157455825935243	0.08251417286770274	0.08530014547545584	0.08568386940757182	0.08815022978140868
0.08658153687596627	0.07924835984130643	0.08158848844373319	0.08148059899659107	0.08232134613958778
0.0852406652992033	0.07881450956530124	0.07932882570683047	0.08190843987438233	0.08051793001916087
0.0834458034647548	0.07811547903453604	0.07778020026853016	0.07917103341416168	0.08155048557121282
0.0807842683008946	0.07384586369004251	0.07506346437708489	0.07645427707173025	0.07643758566083052
0.07947654226589987	0.07330854916397268	0.07463356275635451	0.07537400478597185	0.07483563670778967
0.07674463141395152	0.07069649574968516	0.07007698693296034	0.07195500443544227	0.07245456961833918
0.07456883785726932	0.06990006953344476	0.0710016414713676	0.07143936519656341	0.07326095290196218
0.07399511970865454	0.066913673173055	0.06665287508398215	0.06942729277493397	0.06931348533257656
0.07259792814512389	0.06564079433717694	0.06886162072934607	0.06641033914445155	0.06893327166242975
0.07139226551765528	0.06396282380899347	0.06588644104654828	0.06363212543508744	0.06746529551970831
0.06997680533058044	0.061960238386945934	0.0652815268120116	0.06593269712346438	0.0655039432065566
0.06934571561529809	0.0622061586193264	0.06255281230201347	0.06285542671275716	0.0664482291816446
0.06220770800662467	0.05699293487383731	0.05770055795817268	0.05831322448371012	0.058759814661825116
0.060717373686220925	0.05323737820186429	0.05537269203006611	0.05508085385041164	0.05527692786453628
0.06158353723204501	0.05349767149981027	0.05675950845050841	0.05531514973363	0.05788449294236309
0.06000963497020856	0.05302942930089546	0.0548649678945237	0.052878676272947775	0.056176343308690244
0.05848946747705908	0.05144492530113899	0.05400465102985387	0.05449373145942648	0.05445866522562625
0.05959448583728978	0.05360915338444283	0.0534594815529292	0.05622245611913522	0.05703735608807611
0.05719251398597383	0.052416144186616574	0.05310030692659528	0.05316953175246256	0.055929003454878216
0.06056499059128639	0.050910395372401746	0.052631307002680976	0.05390515685310144	0.054023772177984354
0.05846518267641593	0.05235541926320559	0.052893492276482566	0.053726291079121816	0.0551911747973898
0.05717729223544336	0.05039736866245945	0.0509557038821909	0.052865192999162945	0.05318371151738307
