1
1.7616055484318065
1.3469179146125192
1.1848570620617302
1.1025944640264478
1.0404493763013876
0.9950161154007976
0.9477238514844104
0.9117411603708099
0.8847723498063936
0.8642886538639708
0.8454131020609373
0.8331768392297004
0.8182116166100175
0.8166279664734745
0.8070870505269535
0.7957834822442527
0.7881982561267552
0.7824009855080142
0.7816438304493801
0.7735952285244639
0.7694993886496406
0.7684627336919151
0.7566700557918499
0.7544347323724994
0.7533691385213064
0.7482877867605986
0.7470522672319045
0.7417295146781159
0.740841106075765
0.7405419261254315
0.7361454445382831
0.7350166241836066
0.727896080297582
0.7272224630541205
0.7245588964208616
0.7256355576807891
0.7227627932263154
0.7208393351806094
0.7152184026930336
0.7174868341297144
0.6156747921958301
0.5752273369628147
0.5595734256612676
0.5497944555471618
0.5421129437663673
0.536340821963137
0.530165140052586
0.5307984357447274
0.5268921982449336
0.5268603291200545
0.5234884433734137
0.5208617297127425
0.5212871583983725
0.5219855031851305
0.520450441962313
0.5153861660176839
0.516071411121227
0.5172551075363405
0.5160783266319946
0.4702052751465528
0.453998114675512
0.4477825062659087
0.44608760748982745
0.43715476738217535
0.43654548954170974
0.4324784081457827
0.4311549767203952
0.42982997735747874
0.4259617249374196
0.42463338763817504
0.42197135677727904
0.42135912324766356
0.41941267533985255
0.41806945402908796
0.4148636047949877
0.41137772737561623
0.4122953530772571
0.4118120216042793
0.40843191224595754
0.408333256497712
0.4061531086864373
0.4043456999694599
0.4022599243751879
0.40167497384273815
0.398204849809027
0.39984670296654407
0.3974759651876777
0.3997184649452834
0.3964505586630242
0.3915809264878176
0.39551793987793715
0.39306084708789396
0.39251683610479554
0.3892853228789766
0.38780420538409566
0.38762174344733535
0.3764507717183791
0.36801068648657836
0.3674200910436531
0.35997038835759665
0.362053912466444
0.35961358878008864
0.3578290470573297
0.3592390394424235
0.3585591740772853
0.3584953298806534
0.3560402709657272
0.354312690551324
0.35468538520891063
0.35281060007222154
0.351608018016876
0.3525890371836052
0.35260795014898455
0.3524011216505106
0.35145102224081687
0.34814756502733196
0.3491399810289788
0.34891261434768484
0.3450554733538569
0.3477757875724219
0.3423863561333295
0.34224410336035893
0.34516851744993243
0.3427733470259419
0.34414196128735464
0.3398071103693581
0.3390912475335933
0.3416304270858354
0.3413526637627342
0.34054554274777327
0.3418909330730853
0.3403808748173289
0.34057755951228963
0.340350002965049
0.3387661167346606
0.33916884969414957
0.33855121192115006
0.3402061397233583
0.3378960918587492
0.33903398450530714
0.33876507045210474
0.33645327274909115
0.33642384520424573
0.33752932424283083
0.3367512950202082
0.33633581535590557
0.33711645845562005
0.3375117051631899
0.3361760518892344
0.3370737426192557
