1
40.25
54.428
60.699999999999996
63.522
65.53999999999999
67.38199999999999
68.982
70.11800000000001
71.33800000000001
72.246
72.768
73.378
73.714
73.78
74.15
74.54799999999999
74.756
74.972
75.18199999999999
75.21799999999999
75.446
75.538
75.998
76.25
76.484
76.338
76.50200000000001
76.71
76.496
76.486
76.812
77.01400000000001
77.05199999999999
77.23599999999999
77.36800000000001
77.32
77.432
77.422
77.596
77.488
82.174
83.54599999999999
83.982
84.146
84.28
84.622
84.57600000000001
84.53
84.864
84.63199999999999
84.796
84.916
84.936
84.792
84.724
84.938
84.92999999999999
84.92999999999999
85.148
87.366
88.086
88.292
88.44999999999999
88.614
88.708
88.788
88.824
88.852
89.092
88.902
89.12599999999999
89.146
89.044
89.50200000000001
89.36800000000001
89.598
89.474
89.464
89.34
89.606
89.66
89.562
89.788
89.63600000000001
89.77
89.88199999999999
89.938
89.702
90.00399999999999
90.03999999999999
89.866
89.774
89.974
90.12599999999999
90.252
90.068
91.142
91.752
91.646
91.998
91.778
91.93599999999999
91.822
91.864
92.06
91.94
92.182
91.93599999999999
92.082
92.086
92.16
92.106
92.266
92.298
92.204
92.238
92.342
92.35
92.394
92.308
92.806
92.794
92.552
92.71000000000001
92.692
92.884
92.728
92.85600000000001
92.84400000000001
92.902
92.774
92.882
92.67
92.798
93.028
92.964
93.066
92.682
92.73400000000001
92.89
92.968
92.89
93.13
93.06400000000001
93.086
92.798
92.896
92.82000000000001
93.138
92.872
