1
1.6485581096175994
1.2741664279147484
1.1210890075434812
1.0373441046461116
0.9826373291747338
0.9347959371174079
0.885862559613669
0.8518013304761608
0.8232142571598062
0.8018730112048976
0.7857576579693941
0.7726557974315359
0.7581903219527909
0.756463687133301
0.7480037800796193
0.734132821145265
0.7264130325116156
0.7224833025499385
0.719159830561684
0.7117218958294905
0.7097150145284353
0.7047397003454324
0.6962659365838139
0.6931230943373704
0.6875655167090614
0.6870041082582203
0.6846856565579116
0.6776432734163825
0.6793027807532058
0.6781587515340738
0.673586986101497
0.6698117774465809
0.6649468451967017
0.6621175782607335
0.6624892972162009
0.6603565974461147
0.6579976994210807
0.6579634959587968
0.6514645994014446
0.6548631193540281
0.523287639745971
0.48375416007798017
0.47389633172308365
0.46891641708286275
0.4591044395247386
0.45132617080760423
0.4515584028133045
0.4504656961659336
0.44521920699292744
0.4483079685427037
0.44403765230532455
0.4445369941804112
0.44254168715623343
0.4446542496266573
0.4446593889647432
0.4401591518879547
0.44071239461679274
0.44476831279447315
0.4368957985392616
0.37533192355614503
0.3555698174878463
0.35003746859252877
0.34638529429045467
0.34104081569120376
0.33690503735066696
0.33654010566451664
0.33448036156042155
0.3317797468293965
0.32601836811551044
0.3273266995578167
0.32557327065931246
0.3235765992451812
0.3229920170496188
0.317196671577061
0.3178047075905762
0.3132074800751091
0.31429551659947463
0.3158904948579073
0.31553133632368446
0.312898782131922
0.3090584477424014
0.3097851971150055
0.30547137688035547
0.30571645993710783
0.3044650746733332
0.3023056869616594
0.30226704272467797
0.3045819684520095
0.29928731666806396
0.2982471674070943
0.29967485074801814
0.29958043420863584
0.29837156070010445
0.29366208045074116
0.29322554369259357
0.2923244321361525
0.26209318188145336
0.25421448886546966
0.2522948954797462
0.24760955690270486
0.2515367009603154
0.24616176063371129
0.24942416482416863
0.24750017860661375
0.24574852433732092
0.24661598314562097
0.24241035237260483
0.24404170693796323
0.24166553404630006
0.24067862781569788
0.24026703045648684
0.24214259028206084
0.23913906207856017
0.23656771495900178
0.2390917584947919
0.23927986006373927
0.2374150282357964
0.23660166820754178
0.23525433848276148
0.23487467995232636
0.22600575763246292
0.2267110133186324
0.23142673059954982
0.22508137758887933
0.22634515499748553
0.22163436417003413
0.22442530261357416
0.22345699941563174
0.2247185693753649
0.22300478857953837
0.22370693300995984
0.22360986657917048
0.22508319044280836
0.2240197033528477
0.2220091816904904
0.21981779390664946
0.22031410840694868
0.22571860602520927
0.22339893605016994
0.2210831166533254
0.22078722839236578
0.2212180006686988
0.21672645066400317
0.21678430640407856
0.2154032863162059
0.22007709274740175
0.22148789465427382
0.22117710254533796
0.2182923287648678
0.22348314085427454
