1	2	3	4	5
1.749150117644875	1.759530181470126	1.7607845772257857	1.7863342612600692	1.733975577232476
1.2902490338096242	1.3244353159309359	1.3304267682687703	1.3681010910312246	1.2898558087056258
1.0495560853682533	1.0929268522335738	1.0822430710353517	1.1332285088651324	1.0609492953780986
0.909337432793034	0.9170112884258064	0.9268959736275246	0.9551798655553848	0.9175379497315881
0.7910689818279825	0.7864026927277256	0.8063842321905641	0.8133543892894564	0.798249909258864
0.7095755548275949	0.7022879361496565	0.7127803282817007	0.7199066467297353	0.706346138968797
0.6519395478851044	0.6406971041656205	0.6544141991973834	0.6585651261879658	0.6529538270914943
0.6115830487302502	0.6012533629489374	0.6113711556662681	0.6135411838741248	0.6067122547980156
0.5791861382134434	0.5723753422879806	0.5787765227467808	0.5844982530149966	0.5747979139275559
0.5526470698206626	0.5436756804471126	0.5557348316587754	0.5591059488713587	0.5565154694230358
0.5345370168118834	0.5260212442759051	0.5373973973724242	0.5373877238891921	0.539175708656726
0.5232174671671888	0.5127049576291037	0.5193684792427151	0.5220332933813717	0.5202752466092024
0.5081099339610783	0.49945424767711294	0.505943682035217	0.5119733420174448	0.5068769275837238
0.49388084882665456	0.48487034584860056	0.4904950546943927	0.49796364061972676	0.4928976994036406
0.4842056327921042	0.4747840297191647	0.48454339920407397	0.48696601528036004	0.48811266527456393
0.48591132442969476	0.4768756269036656	0.48492746219000826	0.48512927566647834	0.4820287388456449
0.469955669644544	0.4657766357102356	0.4734964744971535	0.47578669608096635	0.47241576633337545
0.4694053087469257	0.46883531208233475	0.46753109957251104	0.47216578933131664	0.46718472814011114
0.46172022628967124	0.4579820138261752	0.4634567887886711	0.4652511248045872	0.4575509241474863
0.45654361018591827	0.4517923508534956	0.4600331840460258	0.4637733755056814	0.4564530006455032
0.45519467723339085	0.4502101344678102	0.45376068719512674	0.46219630284077673	0.4483315586052894
0.4599701224080742	0.4544055659295345	0.4510459101870845	0.4552524515887359	0.4527370199523005
0.44842100387339073	0.4508925423673959	0.44867191587567684	0.4501806015477459	0.4504231149735661
0.44673208526485697	0.44423698792067334	0.44730204736332757	0.4473128326408698	0.44312190125360507
0.4514072948252148	0.4404898352558959	0.44972808929660446	0.4467196080004775	0.43736392602591284
0.4436271215796165	0.44558746712591984	0.45379083075791665	0.45150561878443374	0.44255980517705706
0.44648516475392075	0.444605243213646	0.4489502478438569	0.4416519127538445	0.4405772791189307
0.4407268426454888	0.43909741065386315	0.4448372364196632	0.44266543504984496	0.4388955578855846
0.4421099034492926	0.4413409329131439	0.4394279347966089	0.44325858411734065	0.4360125856021481
0.4399052314136339	0.4351156024676759	0.4441400007594884	0.4411942897092961	0.4380894461861048
0.30048181764457527	0.2992925698990409	0.43760728790327125	0.4350438782244996	0.4348889141131547
0.25120363432123216	0.25047848436533643	0.43764600908512313	0.43873890411213534	0.43353159973383576
0.23108675942549017	0.22867726239249542	0.43996620738445363	0.43784072202489827	0.2942138651714605
0.2161868987295328	0.2153545387108308	0.436692426500418	0.4332270012868336	0.24636160279326433
0.21007850749032259	0.20872707655438985	0.29663892383770585	0.4348660321796641	0.22939857312709175
0.19690323030323625	0.19926067879971332	0.24603353696101155	0.4336538581592042	0.21255684845968897
0.18758099392780567	0.1920070996522292	0.2276333087431196	0.42937224935692586	0.2004926491652607
0.1850869885700591	0.18738732512687792	0.21462828837468487	0.4267939798667303	0.19032582617781668
0.1813086852088304	0.18311263995287944	0.20371520296310835	0.4269146390278325	0.1902971396322751
0.1822630783157123	0.18231672534476162	0.1993527832772117	0.4277363318159147	0.18791162763791328
0.1815669049158731	0.18078224303777252	0.1949345073984255	0.42734742865842945	0.1800644646215318
0.175051065099895	0.17637883271555158	0.19014267057485285	0.4287703962201046	0.17485750887704926
0.17379348787009874	0.17110993351091813	0.18160158399578252	0.28770320818704687	0.17324957146745207
0.17431315296636812	0.17867253086222398	0.1843876964353082	0.24275065924200565	0.17395799825220454
0.17024487441839173	0.16952089807185383	0.17685038480154988	0.22411759940864495	0.17196471661405494
0.16968003108792598	0.17134301771250224	0.17198466646778016	0.20811757378642204	0.16768113906731072
0.1729305871879048	0.17377938324456932	0.1744643509616632	0.20149128632548524	0.16558121974625242
0.17050525829996294	0.1662397848351684	0.17689804509853782	0.19249174031226532	0.17047576913062254
0.1693107421174072	0.17063991956012647	0.17148270141666808	0.18727248123920776	0.16942475506526117
0.1680116358372714	0.1667655452590464	0.17020819255667716	0.18635743909784588	0.16628145975301328
0.17050132524136388	0.17447623648606905	0.17221867770452032	0.18347911372818904	0.16733778173775624
0.16580025301984191	0.17239604699794583	0.17519668687868603	0.18161279316562823	0.16401902446166028
0.16390859906363978	0.16854857492363065	0.16574910861413797	0.1753130072008466	0.1627246269960995
0.16979171325216835	0.16878091188533526	0.17130997043360233	0.17662024713309524	0.16173318123725994
0.16579019048672816	0.16894534325508193	0.17189245638640013	0.17475332097743485	0.16932975389349195
0.16497159806435074	0.16869342346173108	0.17235189646749252	0.1715613493643454	0.16136105774003823
0.16580081261370488	0.1663117599876032	0.1660554526978748	0.1693414051152404	0.1665825753584696
0.1672840669960776	0.16725984421532475	0.17127803709272219	0.17388215702017562	0.11075375193391765
0.1645659860556997	0.16681173801079122	0.16680568174632918	0.16550033590029878	0.08340814232330793
0.16252010966391517	0.1060314696577503	0.16418511914970615	0.16497563734612503	0.07263834730667226
0.1595411029313226	0.08330455880678828	0.1639619187339949	0.17130616315833425	0.07122827965832874
0.16372725292278065	0.0738220666118366	0.1674812024606921	0.16689115493079595	0.06266956721596857
0.16276736924296145	0.06452349852532382	0.16367115141333213	0.16338118846954613	0.05981216433427067
0.10018141870684638	0.05909341234056389	0.1615504545381155	0.16793715647991067	0.05697840585580565
0.07510680048381126	0.057481560355905036	0.10756010517401758	0.17101397284347078	0.0534226777760879
0.0632383683005639	0.05360996002412362	0.07981773607356632	0.16808230350808717	0.05176850714627893
0.06058029455068468	0.049868765384759095	0.07087197164287955	0.16788809133879376	0.049177795005462065
0.05262848056967146	0.04931285354258762	0.06732364608656113	0.1124266526945259	0.04777178835704959
0.05111877469207777	0.04636799480261099	0.061331341076461265	0.09070293668209749	0.045656806520183994
0.05002373142544266	0.04516572672444993	0.05848737153917779	0.07955955893582549	0.041952334630214985
0.0455831691403599	0.04209320358169811	0.052839408912088576	0.07443867180296378	0.04199452907123299
0.04315537393397993	0.043781209108241056	0.049795770641330554	0.07017164764082644	0.0420291373110793
0.04103144868026916	0.043505969107189124	0.04878878378597519	0.06433622205101162	0.04012253534172654
0.040229224807123105	0.039755902441261357	0.04750564268521029	0.061742628464842096	0.0391604752348893
0.03745438388603577	0.03707338662822835	0.04323252525342548	0.059964419011493464	0.03736228002306751
0.03841349162885446	0.03955636208500628	0.04473598571994423	0.057210568950780694	0.03849987046616842
0.03617789361940327	0.03816137629587326	0.042624474924696065	0.05398668040095082	0.03679494040510843
0.033083188597617864	0.03600331293442822	0.03896519633205345	0.050355897089728485	0.036516171113094874
0.03333714435739286	0.03402237449784565	0.038710689291243654	0.04927792841249413	0.03359227339305989
0.034208640470491054	0.03356691794541402	0.03950676131907784	0.04905945791498479	0.0344869289261377
0.03339673879334842	0.03455553294333354	0.03904460758313804	0.04872082256238022	0.03598117420588002
0.033088592340802886	0.03402245893855308	0.03758227950452691	0.0488614460639179	0.03460026853015198
0.03163303626353478	0.033326738968948895	0.03738333317725096	0.04868114454304927	0.035145042659452855
0.02951618669854711	0.03496326579976722	0.03314314288613588	0.044091419952795335	0.030770655321266948
0.032583094271057066	0.03144224332002422	0.034872106035880736	0.044733096804955776	0.0328319380655313
0.02867901138008557	0.030636695008772565	0.03431394978728896	0.04312618282121009	0.033132088068120014
0.030963750010656436	0.03260691949378345	0.03438850960520371	0.043212101820980224	0.029901848043627142
0.030580405698484164	0.029671868852451662	0.03245052945373767	0.04283911238908006	0.03188044727182068
0.03026874165248385	0.031090158802430948	0.033749375368475575	0.04076839280326655	0.03157965817948439
0.02677676548033268	0.03126613256971701	0.034230877614349065	0.03948477428892389	0.03088653036166943
0.027000173340406247	0.03286288086505953	0.03225328738484392	0.041874631979714735	0.031207980993001358
0.028343572879157702	0.028300460844831846	0.031088611363526204	0.03890165015864556	0.030902646038957565
0.0269723172297182	0.031116990220097014	0.035152643699856344	0.04134325592604744	0.03245174111631672
0.028595969781203365	0.029075985090792775	0.02909796279581153	0.03536607269340618	0.03088864388034852
0.026718163553177552	0.030375661814342387	0.031241059222299125	0.03931413555655945	0.030414169435115417
0.02700433297954556	0.03203061404768993	0.033187443515538304	0.04080562735609997	0.02498561896555261
0.027659516195621344	0.02914859765135418	0.031190795452355393	0.035723213444623494	0.020622514257364742
0.026779174213976496	0.028984570411293546	0.030169893137138835	0.0362147473303787	0.01788825362615878
0.027940126709983013	0.02688007877991938	0.02937274434320304	0.0367600589256991	0.017508895014939085
0.027574730564213706	0.03082309352577	0.029062368699809178	0.03422283685630395	0.016447607206318847
0.025137742990842257	0.028036521457116607	0.02846761808142331	0.0362284264724959	0.014394997245134293
0.027056709098655835	0.02959160869250366	0.027814933947999682	0.036432495583658644	0.014302196843392396
0.026200441852011872	0.02748199321729753	0.030798406328272333	0.03654286452114128	0.015777294254859384
0.02747032970018551	0.028135144435193236	0.03040005807357523	0.037093566825894424	0.01384099720098326
0.02620308769657218	0.029457982993968155	0.02822899557483356	0.036918836462375725	0.014812494619794737
0.0272947232646253	0.029281385497802216	0.021700847012650636	0.026800213233970308	0.012787797705025018
0.02812459766674223	0.029223021453298866	0.019300521842068274	0.024233636951259786	0.01363544144412822
0.02439426098142744	0.025762989231006544	0.015510985208556169	0.02113940152327727	0.012290923889545375
0.02660483509645132	0.030061699657241227	0.0145673557599087	0.020011605342368947	0.012564280225187921
0.024862219319890837	0.02819397295241617	0.014911085260017297	0.01968810133769387	0.011612089822435627
0.026375020153896745	0.01939337869482043	0.014403659383506724	0.01830475573258861	0.012337518660613644
0.026666047680370345	0.016347829128622694	0.014374411670262427	0.01878828689208269	0.011523745627716535
0.019173391849336113	0.01554982869378518	0.012070760120163723	0.017173147257750914	0.011857798189648883
0.016370466117130226	0.013945715087454034	0.012362314502487105	0.018132733505057244	0.011566226311085162
0.01433909055836442	0.012524176678379717	0.012779172812409869	0.01689079134127176	0.012551174125136318
0.013327032767707851	0.014050403443138935	0.012775077865056474	0.01647222464632652	0.011258597581592556
0.01281033162875553	0.012918259110063543	0.012239869445791035	0.01594578225613402	0.011898761033973727
0.011634306643929929	0.012080438666121879	0.011066595206746969	0.015553742263685262	0.010349409502294984
0.01137625490722563	0.011108845486627215	0.011415646395400693	0.015341393211308653	0.010379035387883715
0.01065369775367524	0.011125458313016423	0.010436489805638733	0.014824259942850032	0.011018283855732131
0.009426909958576904	0.011139807965406362	0.010794557797748728	0.014921434895347451	0.010983575384377905
0.010116218965586342	0.010870404228272732	0.01083783691813288	0.014932063560637518	0.00995286206817231
0.00932094627095725	0.01087909121819012	0.010098768007534238	0.015207768033218126	0.010938821805884017
0.008933322412459666	0.010420946706839072	0.010016259431834219	0.013989708437572438	0.009452361962460258
0.009551466633196528	0.0086686617416113	0.009791154990834957	0.01425490797023334	0.009906067010348721
0.0096274120661685	0.00944701317683472	0.010877379809346648	0.015224493778003454	0.010356459783299653
0.00951788354965161	0.009362266163158293	0.009443167799516866	0.012468065665153514	0.009122530803503587
0.008676597649646012	0.009889093696918646	0.010444861702154128	0.013000833032571763	0.01033230473423172
0.0087195208386692	0.009322824447279995	0.010706321138631358	0.013802156691937262	0.009953162058844896
0.007655478783471087	0.008871255838788596	0.00927638911428953	0.011927225737167934	0.009791327349822531
0.008482798419492631	0.009192957718501734	0.009717422420792566	0.013161743491473596	0.009495547427164623
0.008334532256245312	0.008108152557745614	0.00950411521374722	0.011879986809457054	0.009350239196816063
0.007509456837878502	0.008892708303182943	0.008966137102478754	0.012043604743964683	0.008880605320910654
0.008015172080853792	0.008304195705434439	0.009175235205484784	0.012639050398145796	0.008951597663638232
0.007597554799007333	0.0076874049613847775	0.008998218018685462	0.012521943434729895	0.00915641597260143
0.007526864282205668	0.008140942181848803	0.009105861136961315	0.012018575671288523	0.00869512212369829
0.007346181402011489	0.007810030635112843	0.009782013534556336	0.012455898896812482	0.008658386906847127
0.008037568449907372	0.008148251848100016	0.009625503826705384	0.012261003127221557	0.008544810942810064
0.00703720964224595	0.007904231788881144	0.009307866436107766	0.012058293183103133	0.008736897912591007
0.0074328392543984816	0.00762122010936022	0.009383041244905323	0.011216929825523017	0.008179872364039194
0.00752404801008027	0.007394878829703157	0.008810894035012526	0.010385179556334577	0.00897051107681469
0.007328163851481255	0.007472153271898582	0.00903053105453891	0.011379696281098042	0.008308077135773582
0.007109260642686695	0.007490861244485387	0.0076839609876694255	0.010161382129506374	0.008050085781404124
0.007617290843935579	0.00778496945086304	0.00867331022029871	0.010181814575058115	0.00859542666932049
0.007365103560926212	0.007464127322716065	0.007872113482812255	0.010584081486200972	0.008119094690493765
0.007452863289991297	0.008001126856316845	0.007472424340360538	0.010508990329702188	0.008865892980009544
0.007696303431792639	0.007303097324631629	0.008786065701057038	0.010599015961827525	0.008031328909022882
0.00624015517985386	0.006211034726122835	0.007072502218396463	0.0102166853502126	0.007805125816436979
0.006401268874897675	0.006301469862689755	0.006696765423011599	0.010109718724646992	0.00881014289358236
0.006395432454964999	0.006540427675180116	0.007888753075495624	0.009523365827625061	0.008492248244178682
