1
12.276697729491936
29.377122576525938
36.84468925596741
40.984820870347114
43.625616332609255
45.51951463002091
46.93010356963612
47.95971173156973
48.86903893091221
49.585182884042446
50.162156846063
50.62751382138316
51.06079066975655
51.48321803480733
51.796213920589594
52.03053153882359
52.261883111257156
52.49065890707456
52.739416485126455
52.88967012106931
53.04468504106021
53.24910803977936
53.43058321046359
53.57818301595343
53.65701739117539
53.79259690578979
53.86362589732643
54.00162508088329
54.04439858347897
54.15453254727915
54.26255905748432
54.33327583367351
54.37277107512135
54.49547170665494
54.57727212767735
54.520292826774345
54.626524098731856
54.669453709001246
54.69856779014758
54.73564336265295
54.80089637026242
54.82298560609195
54.77615330397989
54.831649581982674
54.86466635497168
54.89635621273416
54.912591410799685
54.9675413119445
54.999075062033285
54.96996098088695
55.082358505955895
55.00266553852855
55.04981005598801
55.09484711985244
55.084778174898354
55.114594740576365
55.17040323392657
55.22035768951277
55.197956238335834
55.275229536820724
62.80625398562405
64.32229365882824
64.74269162412082
65.01369454567593
65.09799268947765
65.11508647974854
65.14724466053215
65.13951733068366
65.06060490162484
65.03305189721559
64.98052166501323
64.9435241463447
64.89583325202726
64.84408355819342
64.85828935650075
64.72450508013397
64.7685274441193
64.64481211270662
64.63146490660468
64.67915580092213
64.67096014805252
64.70335249034669
64.67892163941157
64.65815931880856
64.69445435294541
64.70397692104152
64.72497340315509
64.66065704158787
64.69687402188787
64.73262267916672
68.92200626460094
69.73446865240831
70.07259787365739
70.31362812186077
70.42875753121957
70.56222959223895
70.66744616431737
70.71396625108201
70.83900849772122
70.8750693703475
70.87905011602702
70.9500010537268
71.00518511638218
71.00651203160868
71.10087912036448
71.10376711232806
71.11883150284078
71.21273026857544
71.2322437277888
71.17487415770154
72.50350656862064
72.75710348455743
72.87566726273779
72.92866581796127
72.96402420605588
73.04637100393624
73.01866189185328
73.10241365879702
73.11326314211965
73.09453022127482
