1
4.844483954018057
3.480053508817617
3.03600173677717
2.804746281707681
2.6581481706369625
2.5586842191326453
2.4857610297369828
2.431494015496923
2.3826473414362037
2.3476104547451206
2.318744573083439
2.2930204334673516
2.269351836434605
2.2525396593800697
2.233931418637074
2.221379345196946
2.2107216326506873
2.198479325680832
2.186072068293014
2.177624899631246
2.1691664829001587
2.1599022067153033
2.153153418637172
2.1450500420399754
2.139941765306957
2.1332424870261475
2.130777098058346
2.1225083996961325
2.1217145035197764
2.117531636735423
2.1111060847173766
2.106196424677665
2.104798733092445
2.0992560670568707
2.0942146458825746
2.0956281611254863
2.0913023239487174
2.088727689539631
2.0892421909145584
2.085884004622908
2.0832881847342533
2.0823090724416407
2.084250851051436
2.081751853066838
2.08009437633441
2.079545350913168
2.0754475934283967
2.0762359488379634
2.0751659114043974
2.074027427545675
2.071044069891803
2.070038814204079
2.069367383743505
2.0694181149775153
2.068210755587819
2.0661677509278444
2.0635682886892575
2.0642503838677357
2.063681599012508
2.0596239490942545
1.7559024065286335
1.665975917374101
1.642696719224406
1.6262649998321879
1.6197643307062763
1.6178969097899611
1.6161678266096622
1.6164450936622328
1.6176220697361037
1.6197041853324554
1.6223735785031714
1.6242108277626663
1.6266369573481687
1.6274459614977632
1.6278236830508395
1.6317151857065508
1.6320602837618718
1.6332987019113077
1.6349149285734728
1.6344488723890105
1.6331275717123575
1.6313795919780345
1.633363325910253
1.6325835844019845
1.6319870230796705
1.6305502138533208
1.6302106010806698
1.6311438670406109
1.6301386389460855
1.6286638684682406
1.4990111711261007
1.4598817328949432
1.4453585687455373
1.4352797873965777
1.4256374792142787
1.4190742491425323
1.4136048136176627
1.4093872507790346
1.4029681386468904
1.4002328593592734
1.399362228347826
1.394370469930284
1.39253794355588
1.3898592846793791
1.3872533055333105
1.3856335656566792
1.3843700086320216
1.3816253074577938
1.3790087975941219
1.3802118834022508
1.3432772622539593
1.3346513244000515
1.328188301496336
1.3253008859736324
1.3238403179250156
1.3205319002136726
1.3192729300373705
1.3180401096632164
1.317753120265396
1.3158685734102873
