1
4.816044436420463
3.4121284805930396
2.9632845561821224
2.728301744218109
2.579118986849067
2.4769811290841974
2.401480304647036
2.3455766244963527
2.295848830203559
2.2598752485288567
2.2291236544346242
2.2027739216278555
2.1784428049753664
2.1607030971305132
2.1414386961605403
2.128885557637227
2.1170193281921663
2.10455355527517
2.092003063031366
2.083515440322072
2.0739903783226654
2.065178251957192
2.0574225219455995
2.0499802276566625
2.0441073952259408
2.0367682570820467
2.0349491870367458
2.0264636109639746
2.02545020458822
2.0211206987425845
2.0143287846496767
2.009900184587528
2.0077428392120718
2.0025481651832
1.9972137350183352
1.9992441529160567
1.9940674312226732
1.9913228728554444
1.9916793535996558
1.988288615371562
1.9853878826051847
1.984021102084025
1.9864692644877606
1.9837737557175885
1.9814179829903324
1.9813316735235256
1.9770755679219165
1.9781279864844798
1.9766404801196336
1.9754761393372748
1.97211142605716
1.9718723674277776
1.970175463229151
1.9708982728935316
1.9692777140871789
1.9675412446707035
1.9647024706169736
1.9651427778688006
1.964478833251417
1.9605149601484821
1.605104075808385
1.5320534357062454
1.5108968298335221
1.4950967029555797
1.4906233042151038
1.4879140942544447
1.4847439844946464
1.4859070777357177
1.487652872903247
1.4893303235749027
1.4912999010050354
1.4936376726055653
1.495079133894061
1.4959168826664409
1.4973846190280626
1.5010397911012274
1.501317523332025
1.5022554522746776
1.5044850259215414
1.5035267070218612
1.5026615763996714
1.5000561878219119
1.5024277984560117
1.5011848771191043
1.5019306433605673
1.4998898879988605
1.4985792695344684
1.5010520733855721
1.4989773117757643
1.4984945617117509
1.318046748989466
1.279006757846957
1.2640605845234556
1.2543753065727128
1.2463252607818585
1.2403887896330479
1.2357234847295442
1.2322218991242857
1.2271173911375646
1.2245222462045326
1.2253044362192032
1.2208692551969205
1.2180582371267767
1.217302241061
1.214306812442385
1.2128990790286598
1.2126560447635206
1.2084403592925692
1.2069937703135472
1.2087099554238596
1.1540209012133975
1.1445595216262823
1.1394281730011102
1.1354766712203075
1.1341999834710397
1.1308658022980542
1.130367015119083
1.1295780588399196
1.126805871832261
1.1265122348790533
