1	2	3	4	5
4.655731634105867	5.224782137004916	5.152797998369805	4.538652802672224	5.095660617589342
1.9460275685390844	2.2633198228333598	1.9455773232842952	1.8460896756033167	1.9471894542274575
1.7191009896490583	2.189053436069536	1.6810913720094338	1.603787108760356	1.6190959166382897
1.5788704818471926	2.136849733874622	1.4599006718686784	1.3402681580894733	1.4358621302163201
1.4481191424762503	2.0564636482911935	1.246398601385639	1.1103698865836846	1.3018939699358347
1.3339866122321402	1.848843964469403	1.083922431749456	0.9656917751597626	1.178141256579964
1.2406280684044297	1.676288498027247	0.9765797536391432	0.8690257852949456	1.0674659844554597
1.1447378331438054	1.5683460537429956	0.8852685898771068	0.8015913193488053	0.976672615998846
1.0596000748827021	1.4600161350596599	0.823554878039738	0.7514661600827559	0.9101506738406624
0.9765856807189215	1.3212389665491435	0.7672359608018484	0.7106379300279692	0.8491724453618766
0.9143568820050911	1.1901625059449767	0.7319052476254873	0.6754064633870679	0.8034491269179932
0.8604567148496429	1.0731525796148798	0.6975411025002178	0.6491650887919815	0.7659369944916358
0.8172822236405011	0.9803748139944826	0.6688633766168218	0.6224863247188459	0.7332884647962081
0.7776691617105927	0.8909446417218277	0.6413732059014114	0.6022744697835444	0.7062854174610288
0.7419345997788416	0.8321360662160312	0.6231557117856068	0.5787139583731555	0.6831693665298361
0.7137204747065865	0.7797008063787089	0.6073048466154377	0.5667873143844896	0.6559010997910021
0.6883150081500379	0.7429552709355078	0.589942142862798	0.5503910901906239	0.6419558464871038
0.662846592990943	0.7077223269073556	0.5761139558251857	0.5315011049932835	0.622428454477769
0.640565813273725	0.6817192345324077	0.5636945729670324	0.5251042071510769	0.6073983588334545
0.6241554960875252	0.6611069387487132	0.5519417666108405	0.5155850504060538	0.5901870199329105
0.6067596196061209	0.6336494970809469	0.541301763880893	0.5034227487071395	0.5811895089381188
0.5890336670838963	0.6132293848125522	0.5281259005179483	0.4933167057269065	0.5615345008690339
0.5808786211721125	0.6033124900839817	0.520920499968711	0.4846858370029715	0.5565020592926103
0.5651007085809926	0.5909247237550638	0.5161761430370834	0.4761637279292202	0.5442207162947297
0.5492296431528036	0.5769012315041567	0.5056527687613007	0.4725559367929273	0.5339358897922593
0.5397647658882239	0.5666382898912408	0.5005467414398632	0.4605013986530206	0.5294224217419728
0.5316750202947259	0.5526896061189953	0.49218946024584986	0.4578610317938771	0.5128198650944258
0.5235007940350898	0.5450630679612273	0.48416312378080906	0.45379054515867906	0.511292904996506
0.5135548695578906	0.5362691335818349	0.4801281119703944	0.4474573974185581	0.5075234413299415
0.506369305007598	0.5249714384908261	0.47659654187424405	0.4407760666306974	0.4922916103354499
0.49828515234200843	0.5182422843125779	0.46824866106443114	0.4387097919688504	0.49123299983151414
0.4898148980896797	0.5118747051719514	0.4661483590483972	0.43335458064628074	0.483381151162145
0.48014965935436377	0.504396277772801	0.4603308113029849	0.4267048487425461	0.4793792062860623
0.47418971218721295	0.4983439198540302	0.4595711619195427	0.423368614690993	0.47312980981739017
0.46959746577550704	0.4935422804959293	0.4514261876683099	0.42077666494395155	0.4662641524658788
0.466313778591888	0.48668403759636836	0.4480935730745118	0.4166984305433607	0.4610681078775462
0.4586184674973989	0.4846806347065266	0.4447472168280341	0.41628811388369424	0.45891655627114053
0.4525803887020903	0.47607901753367093	0.4415056237479305	0.40893331417799605	0.45358568208906647
0.44648842159134666	0.47263570133682414	0.43359226727729566	0.4086834415602868	0.451186767700688
0.4480214453566714	0.47021405292136625	0.43831789714601055	0.4038581114519588	0.4511484268986051
0.4381337339615883	0.4623444560924759	0.4266568713099756	0.3957635026301264	0.44043090848056843
0.43452955629971957	0.459065038606029	0.4312667160692727	0.39869757370113434	0.4398393042557072
0.42731422422182236	0.45041204840325966	0.42133701689865255	0.39115925582930866	0.4335943767253091
0.4268823634937898	0.4522203682633616	0.4211425563639689	0.392049109882406	0.43019639012758704
0.42426050391495995	0.44653891457621114	0.41853172417796825	0.38948626130285774	0.43060775425123143
0.40911694126360865	0.43438102895646447	0.2715959212054375	0.38169791871476993	0.42312733059191643
0.28042027232287164	0.44052296530102836	0.2272760675805608	0.3885218409626072	0.4252186551347106
0.22908741744506697	0.4412165169825637	0.2050779913849843	0.38435061096840195	0.4201455640289787
0.20790607766117283	0.4353390166064357	0.19199951648559696	0.3826005480554709	0.41727771409942055
0.19171614232270603	0.43282021791733744	0.17645856730468454	0.37886294345264226	0.4172625898781334
0.17951151585716124	0.4305418079618906	0.16787145131498651	0.3790085233767014	0.41407978622352387
0.1704493640062144	0.42932131177629057	0.16093225906724504	0.235742579754966	0.41180886065258687
0.1645150651483585	0.4283650008690022	0.15580759860594268	0.187911619939615	0.4072441106562117
0.1633252840193794	0.4217202134449467	0.1531533234088166	0.16798905332756173	0.40774475994622306
0.14986776219457007	0.41980694062874463	0.14215845708042166	0.15149237096423995	0.40220677181887793
0.1507690338622731	0.4174011988789225	0.1416564975267328	0.1414138201214469	0.40528499123537953
0.14288526160828283	0.4146205654458321	0.1391781698864744	0.13184137488036501	0.40287693275515074
0.13925037491123388	0.4103225093058614	0.1335545825245588	0.12433001400945745	0.40061302646956487
0.13807463395359254	0.41114803470309114	0.13200071118676757	0.11403766015301588	0.39512262655341107
0.09168669413251189	0.40853051963212206	0.13226397978642107	0.11416042609440392	0.3928242084162921
0.07729413348924173	0.2672340771578772	0.0865967946074655	0.10812262468554476	0.39196625420504555
0.06768522297730074	0.216119324250142	0.06890926146617785	0.105208603893895	0.3931512213347817
0.06498160238480166	0.19329865471176472	0.06272215315657657	0.10544449987980871	0.3910210469494691
0.05862241893377906	0.17295562641699908	0.05550237880814867	0.10351490299872426	0.38339785092017203
0.05765630528711903	0.16349733264549904	0.05219430749869102	0.10477325390271672	0.38616908267330935
0.05422851779138493	0.15586273633229436	0.05050467135256054	0.06409587974057478	0.38519325497967527
0.05046336579105585	0.14867650505984212	0.048521550691417434	0.05149516674792373	0.3854941032502961
0.048868988428617345	0.1402689188699742	0.046017421018856274	0.04493608926911181	0.38172206915248064
0.04824753916915267	0.1421215560887475	0.04493431685506688	0.0431633909826007	0.24516985696904764
0.04306753332276476	0.13048070298550693	0.04104977849956667	0.03944348009860578	0.1929132448094886
0.04299803282065158	0.12828100734697576	0.04097452141878091	0.03748896568918318	0.16997818452546645
0.0421908207218665	0.12689331348251814	0.038014221703038156	0.03459042459345232	0.15554861276579632
0.03952137422759825	0.12657091425507885	0.03599975706385373	0.03332422314511846	0.14307843670820658
0.036672707585155825	0.12006333283603646	0.035126688420924965	0.030999525433496745	0.13460341196916897
0.03644357252951779	0.08263207308452607	0.033875051257021914	0.03121866294852152	0.1283321531246538
0.03366794870199296	0.06382091167618704	0.03270231445541466	0.02944325134062858	0.11841935750163725
0.03501585676618248	0.06056910160633611	0.030697665784669953	0.0280772065481795	0.12002367912160457
0.03338765427279653	0.05689271552311947	0.031151245988886366	0.026889549249120993	0.11468076282907325
0.03382235409601421	0.05395617175018391	0.030545153643202292	0.0262729267701697	0.11037366167473056
0.030992386224286655	0.05019463445333875	0.027914116506838716	0.02388284546906688	0.10541967532175886
0.029640276480437544	0.04778318478228033	0.02844697370162933	0.02316031152444423	0.10444767109077911
0.028054916688129136	0.04409441737281849	0.026925701852840246	0.02160783143966552	0.10268235968811736
0.027932601947518388	0.043631803715968386	0.024851637218347596	0.021780870966803843	0.10478986391935806
0.02690892496034313	0.04239217766448664	0.025776900227188763	0.021828496947770237	0.10494088381528852
0.026444028043533536	0.03881051868219358	0.02256816503641855	0.020788103122921554	0.06572394348357029
0.02514996496326935	0.037295208815151755	0.022001138552451675	0.019594840429094443	0.050328227198299214
0.025742289519694917	0.03727371016960316	0.021646586916102172	0.0188205229199451	0.04467304910787994
0.023780806580810887	0.03480803314358221	0.020268426417275442	0.018071507703979764	0.041971267089057115
0.024033105177114072	0.03415634369244204	0.020734954530092154	0.018440861445482445	0.0383353798514437
0.022017184630646128	0.032618772652943426	0.019340054839468355	0.016447771609763212	0.03705328572398563
0.022260266344260683	0.032493796937948904	0.01923576609024306	0.01855815962299971	0.03484369201295058
0.021653566951327547	0.03219012139112592	0.01937008097462948	0.017013427720445666	0.03368418090655217
0.022828767085662283	0.03100063153983229	0.019970941621705394	0.014108794386429566	0.031418301955894457
0.020481861215513524	0.029680662700320447	0.01908159001356423	0.014143054042478348	0.029349939511788783
0.019190961642719603	0.028234891531526876	0.017507906307649743	0.01329311747056292	0.027016970888732953
0.016320706566657562	0.027549910699696183	0.018658352139241576	0.013557104303327676	0.026347446391154133
0.01672661902330569	0.027316707665162615	0.018836998035345227	0.013530022933926727	0.0268162133438927
0.016211587765380345	0.026336319944666464	0.018155366980263484	0.013427021258208141	0.026632065715654126
0.016064136334316196	0.026155728775331424	0.017680276618779793	0.012894544717105452	0.024861790820994333
0.014844071486836205	0.0257342950705334	0.017516742448520167	0.012933760781384184	0.023752663375052337
0.015394739520824173	0.02575173208971157	0.017920347628519503	0.013318940861950955	0.022570945832239987
0.015710602054739245	0.02444230719371831	0.016861338916298988	0.012990133493871943	0.022202924884798598
0.014530792022528851	0.02445035677431799	0.01730827582747583	0.012403138208172048	0.022088679101537275
0.01555850373252348	0.02251747557821939	0.01762612198796265	0.0124315908393058	0.022126823106347122
0.014177185914400604	0.021814191825878425	0.016847760476114804	0.011871232725012943	0.019630207858808202
0.014664527552816874	0.021734758192087394	0.016421833004126	0.012168286568330381	0.01980063697928206
0.014209114677270346	0.02096866833431946	0.016474700066001352	0.011809690398118843	0.019713905003979376
0.014200432835828026	0.020649712642326075	0.01619340159008494	0.012566473223078432	0.01865434371616186
0.014277288643762357	0.021412410961506912	0.016883348884141964	0.012915035066625955	0.01880094098865682
0.013315829053006666	0.020573398236499715	0.016172293785606962	0.011625878572406824	0.018183492543294894
0.013480862588300127	0.020114383534016237	0.017123373935137264	0.012379567198398176	0.017529112332121805
0.013805996712363901	0.01967030037861423	0.01635473298713985	0.011722853974155753	0.016878394995961353
0.013997361378367908	0.01932282831110156	0.016196402966442622	0.011845803450402394	0.01739105617251163
0.013227245991911435	0.018970712728779343	0.016058683719324025	0.01182001350385606	0.01482680170913525
0.013321308315495769	0.017608947519575015	0.015934075663566527	0.011739431623764849	0.014463999325319022
0.012812738921350377	0.018585968148106185	0.015462869594869255	0.011791297103590366	0.014580503939781952
0.012519607896847498	0.01727578239729797	0.015641763482404796	0.011479805187915287	0.01386453747711218
0.012532282896968717	0.016814255439068945	0.015394108327072293	0.01141286214522999	0.013994706251546547
0.012997248679247049	0.017482712721961845	0.016047143012933095	0.011347887442087578	0.013671728818084277
0.012536440510302779	0.01728923723597049	0.015580820272226462	0.011678334806695626	0.01382834716792911
0.012547424215528053	0.016421862823121674	0.015259407084349471	0.011122750080264443	0.012971181398653001
0.012363408730291509	0.016206994748024086	0.015238590948188397	0.01139006883744389	0.012423949403083313
0.012991588843791075	0.016132223405553703	0.016440235831014945	0.011556952243761315	0.013104973613377419
0.01244017299469513	0.015704934590060237	0.015347911066392347	0.0117691070998988	0.01326575204301291
0.013149110054897386	0.015243983048650309	0.015710282775447195	0.011184725612687792	0.012736935811617492
0.012537865920940321	0.015010703602791433	0.01564200430193827	0.011605995366602291	0.012931173755441939
0.012590276624035578	0.015210865941994327	0.01590533462374488	0.011442770197739836	0.012598752432390859
0.01233991353398622	0.013399981876925742	0.015523136405231406	0.011445773396250374	0.01252254803457758
0.012589711321951328	0.012643910730090902	0.015326595696075182	0.011779061623413092	0.011730358096273123
0.012564345164095884	0.01219567000303808	0.015089880208225194	0.011516518347784702	0.01165035727155178
0.012680374328856879	0.012107968821054532	0.015267995269516542	0.01150736366362904	0.011906420767945642
0.012197500334152246	0.012092461408165953	0.015497494079267886	0.011241823520578073	0.012014139943834769
0.012378290729106537	0.012038349042958606	0.01581981816731602	0.01160649991477542	0.011295848452221703
0.012561973413009474	0.012003547492939644	0.01541975155339371	0.012173872052803828	0.012232152716544887
0.012492878610253942	0.011299533569408804	0.016040070099122544	0.011511695037698355	0.011387834025313492
0.011812601209906353	0.01107008854294067	0.01560695921463887	0.01114896194213797	0.012036842653704125
0.012193132382448376	0.01190958644413505	0.01644567348410749	0.011265309110684013	0.012189179287313506
0.011974386332551852	0.011591190634214358	0.01599768189060719	0.011672005207394538	0.012326923491971575
0.01227323378643492	0.011224108993473553	0.016100304020220974	0.011985273569669866	0.012223548103419272
0.011638219340863966	0.010941505336852935	0.01560342003641377	0.012069677425515084	0.011622763820030645
0.012030407707766644	0.010791018967280913	0.01581218679580847	0.011641758477405818	0.011749033096825224
0.012256010978594615	0.010843676826952364	0.01604563548036701	0.011799695603835295	0.011872970720614925
0.011989122424560506	0.009950337929131893	0.015347782789212672	0.011623038076664625	0.011423513449280692
0.011971618946822709	0.010694685473066309	0.015366310768229566	0.01226663736321623	0.011646607516766964
0.012268295616406922	0.010561699185834812	0.01581958227355006	0.011092814195262809	0.011976895189327194
0.01251763187329788	0.010116957204268709	0.015743820949474265	0.011382362183631227	0.011258834248880285
0.012503082189909021	0.010996904445673958	0.015632291426858333	0.011609785094418935	0.012113859834116131
0.01208261998317888	0.01073712750297526	0.015292715748100321	0.011204521250351311	0.011729460471616986
0.012934720610528036	0.010998378700726784	0.015625609942447494	0.012074093694043579	0.012004423805552984
0.011946277842973658	0.010089400679330394	0.015529331129492084	0.011448378810454213	0.0116955591270419
