1
5.8674477178495525
4.908391195767877
4.61929428065336
4.506016790235677
4.437296507003642
4.39770136022423
4.370803839105243
4.355440321025796
4.338826122293455
4.329088390266488
4.321696737262759
4.3143131717458845
4.309476870304342
4.3087542567696095
4.303733337056508
4.301752650082735
4.300616595199655
4.299556003964994
4.296349311637117
4.295501170768134
4.293329846727975
4.28977003114205
4.2889870926574
4.2891543618925505
4.288117273918516
4.287726890361986
4.287664444558498
4.285703409301641
4.287074460897543
4.285898170437836
4.285712276376789
4.282460709194552
4.283477254013912
4.2823429372999
4.284465880970347
4.283524711505996
4.282490712326843
4.2831563991981
4.281985619280145
4.282498193096806
4.280224675851166
4.280717429390673
4.280395102619976
4.2807020810696175
4.281288374149108
4.281791890227232
4.28179072647782
4.282166139276817
4.279540872192768
4.279718281886928
4.278477250827063
4.278304445541098
4.278345279593578
4.281323608723274
4.281420151932489
4.279626650052805
4.276595598191317
4.280774409573306
4.282264349391523
4.277759757599258
3.657218842573101
3.561211293465375
3.5333089442639123
3.5053002830271014
3.4866089079644427
3.473006139125495
3.4622416075888336
3.4513882105643408
3.442991787117793
3.4367922592829805
3.4295300406771383
3.425855517792294
3.4236479652987883
3.41838857834632
3.41404575446507
3.4146321274303073
3.4113861149007523
3.4098386826691436
3.407770807616837
3.403236842584178
3.404067903012777
3.3980941370412423
3.398066219345062
3.397569350619907
3.39530552248141
3.3935664212906036
3.3951252444759827
3.3940998903402155
3.3917422849100705
3.3901352438178707
3.0354879753215864
2.925084107429469
2.8935084236251645
2.8798061160536514
2.873694974273343
2.872214129540353
2.868258731491442
2.868461573707483
2.8632314422151928
2.8600169916133797
2.859064019381342
2.855211902117272
2.8532238484857873
2.849443434049329
2.8449693540712198
2.840560918897535
2.838595333251807
2.836042160254253
2.8334299892097707
2.830394715767409
2.638220283630258
2.591338202455544
2.5650394122202718
2.547212426919676
2.5371861101745123
2.5257576336989205
2.5176317790409657
2.5098097461086804
2.5044560113034184
2.49987620370132
