1
5.831528091764118
4.75579361722663
4.445641881173915
4.323427553229296
4.25031728399146
4.208182655919444
4.1790161230942715
4.16353835652283
4.145486574144396
4.135983294516562
4.127439861411926
4.119909799587242
4.114942417778339
4.1141698974472485
4.108714302126796
4.106636361928139
4.10549359419251
4.104366580303848
4.101291258065958
4.100291499248399
4.097668703881406
4.094212638033725
4.093312745208596
4.093997478127874
4.092371130132514
4.091845338613693
4.09170238807366
4.090088355005352
4.091541821568422
4.090250091333612
4.089877852359841
4.086935897283127
4.087815951562649
4.086521729032001
4.088790806452116
4.0878995093670225
4.086473891403999
4.087714395108613
4.08585326600145
4.086773315604988
4.084334040140641
4.084927660578117
4.084902311633737
4.0849362213532645
4.085708263584907
4.086295580459076
4.086150641731895
4.086656507936043
4.08367762822848
4.084008967840689
4.08241247940254
4.082506820872121
4.08223224036344
4.085949497432509
4.0860381512494435
4.084102769760229
4.080553747581089
4.085371287314426
4.086718727182327
4.082523979959652
3.3263397329456086
3.242343184140539
3.213140004117053
3.1815532963235365
3.161955517488768
3.1456911213033587
3.133224914719416
3.121196144253584
3.1121766270933944
3.1040210994926185
3.0956199835587612
3.091524812558308
3.089682543694564
3.082269328124033
3.0793051034658663
3.078454552425601
3.0751178386566345
3.07300634555644
3.071241947558968
3.0660150558441193
3.066388918279287
3.060168867392254
3.060320217197359
3.059418099576771
3.056602459306352
3.0560036640662576
3.0560363981035508
3.0560240309197884
3.0517630308658212
3.051651457115843
2.5963942577431642
2.4955084945533845
2.4656611078864543
2.4542496093622224
2.447111039287911
2.446845611658978
2.4431111270850234
2.442624783253931
2.4372383608208184
2.4332892027649153
2.4337398656241174
2.4278451243242474
2.4257013838250683
2.420626701008195
2.415393364548566
2.4115236106095206
2.4105166939231335
2.405409245819702
2.4021595771734323
2.400296229630195
2.1598695913752266
2.108814674967175
2.0793040968083147
2.061579834628892
2.0503258900566212
2.0382536174057737
2.0310059231239843
2.023695848490692
2.0187327887747593
2.0133850996787146
