1
4.356887119321684
12.298865019158312
15.809492439315099
17.328107889135445
18.2151897449747
18.75110738881036
19.10578402347235
19.311299775907433
19.524386750517298
19.673703740417913
19.753396707845273
19.887883468743727
19.87094578614653
19.973586581608803
20.03415635900706
20.047893834293262
20.084735245288087
20.050313503235717
20.085749945167176
20.12227914081458
20.10791723483355
20.17246775791134
20.197679147215
20.202440431263057
20.181287841475783
20.228354305098396
20.239672111442143
20.217582875612628
20.229290951140644
20.27534271488416
20.26527376993007
20.25504871730227
20.27940151440054
20.3331025541557
20.239203788421023
20.301490750230066
20.31101331832619
20.281977291016705
20.337317461345794
20.301412696393207
20.32826321627079
20.285723875185667
20.327794893249674
20.350040236752896
20.253175425217783
20.293607312707863
20.24693111826952
20.295948927813466
20.335288061587597
20.332322015787174
20.40210214593413
20.32935596998674
20.337395515182642
20.307657003341482
20.305549549746438
20.311481641347306
20.32436052442812
20.310232779957648
20.273235261289123
20.36354355052854
31.54717534872503
32.915068839581416
33.45184507562246
33.95334097740575
34.34509318457313
34.63412654244138
34.84690130170384
35.03743071746306
35.21391044258867
35.335752481916884
35.5056756847468
35.55141523314291
35.61674629458923
35.64055271482953
35.73054878872153
35.786513389745444
35.8653477649674
35.84638068261202
35.899379237835504
35.98024301281566
35.99515129565466
36.08116662386715
36.11714944265658
36.08272770060421
36.1208179729887
36.131355240963906
36.17248961298566
36.18232439642919
36.28332606131753
36.25272895727099
44.41396008482891
46.21559874707981
46.73809113097668
46.96600833458871
47.07465927548867
47.086055135669284
47.147015182251806
47.132028845575945
47.33192472175759
47.34527192785952
47.34012037462719
47.3925725529927
47.477495127489235
47.54469948102004
47.70970529212819
47.796657266382915
47.78401254481266
47.87549164160488
47.944100964199045
47.93707611888224
52.66066016374133
53.64608985401591
54.26614953397957
54.59085349528985
54.81627297612255
55.01999349031001
55.23105106516169
55.339780059898516
55.376621470893326
55.492375310946976
