1	2	3	4	5
4.09232211112976	4.104013581665196	4.0993364416823095	4.074028827706162	4.157319531148791
3.8311034623457445	3.7899881078272446	3.8778061513998074	3.7699398568698337	3.884700756900165
3.7382131523015545	3.5139227120243786	3.8505371650870965	3.5380889882846773	3.8324148350832403
3.580151799990207	3.335093803551733	3.7138091994791633	3.3491713295177528	3.7028823616553317
3.4852109794714012	3.193658546525603	3.5994827528389144	3.189498130156067	3.5027508261252422
3.369875958987644	3.079962481041343	3.4160480037027487	3.043296918577075	3.372134803509229
3.2584827067900664	2.958080364733329	3.3185800362606437	2.892467717735135	3.2368937292877518
3.1720068381757156	2.802604378486167	3.2619261534846564	2.722972113258983	3.141158944490004
3.082594546736502	2.6276858375996976	3.1523834138500466	2.541228041356923	3.035915479368094
2.97006449650745	2.488617560084985	2.9828411133921855	2.3802000868077173	2.9175327225607273
2.832342663589788	2.354110306623032	2.7963572181000993	2.2472204687644024	2.77696088382176
2.677458157344741	2.2169454876257446	2.6728560985351097	2.134348248340645	2.6410402740751
2.5309386289849582	2.1222016969505617	2.5277996902563133	2.0536799515996664	2.5258079949690373
2.3861130658461134	2.0168424431158565	2.378971633862477	1.9532924020776943	2.375569964549981
2.2384285196966043	1.9501817329805726	2.274919130364242	1.889037742906687	2.242003659204562
2.1169724579976523	1.8795322459571218	2.156545078267857	1.8159458552088055	2.1332741051304094
2.0315408816142946	1.8326388323793605	2.0820553704183946	1.7717966978647277	2.040926379208662
1.9446073040670278	1.7689269452678913	1.9837320440885973	1.7078732367681	1.95730496486839
1.8826903171685283	1.7324104491545231	1.9197959376841178	1.6639523895419364	1.8727821494851804
1.8254494819105889	1.6856235861778257	1.8513011245095004	1.6266543147515282	1.8172707654991926
1.772195707170331	1.659031228751553	1.79966992018174	1.5941319678510932	1.7693480399190158
1.7135609881002074	1.614679246532673	1.747324643694625	1.5564474901374497	1.7068301177754688
1.6842247399748593	1.5943672231265476	1.7157858360786835	1.5381557619085113	1.6687213127710379
1.627967894685511	1.569593283594872	1.6686741588067036	1.494379711394407	1.6141615394426851
1.6010214455273695	1.5234276469872923	1.6273677945137015	1.4669671630372807	1.5810890739061387
1.5635586593832291	1.503357806984259	1.6002190569225623	1.4502318112217654	1.550654284808102
1.5401960866791862	1.4778261178610281	1.57501174722399	1.4211681223645507	1.5142039072756865
1.5097245233399532	1.4463946022549448	1.5389148142873024	1.405994339865081	1.4902654059079228
1.4969885556065305	1.4280747394172513	1.5131681190461526	1.3876401374534688	1.472844078832743
1.4666939335209994	1.421395661271348	1.4749304998894135	1.3630818913177556	1.4346429681291386
1.4406305411640483	1.3836565470817135	1.458626671105015	1.3404484105353447	1.411644683200486
1.4241291606912794	1.3764801639683393	1.4432165470658516	1.344142070230172	1.4024063829256566
1.4101413908053422	1.3587777371309242	1.4202021713159525	1.3138399598549821	1.3808145845422943
1.3777906894683842	1.3234202551598446	1.3838388244716502	1.2808160164526528	1.3524145924923372
1.3685693205619343	1.3166842922872428	1.368462408075527	1.277726550795594	1.3333285463099582
1.3539325698297844	1.303105685479786	1.3435703294009584	1.2577610067567049	1.3169123372253095
1.3426260336929434	1.3099452001707892	1.3536123046461408	1.250569333835524	1.3145468964868672
1.310507108362354	1.2627125729103477	1.3222044964834139	1.2312364800243967	1.2859007305636714
1.31082968535472	1.257728332767681	1.3016733670113039	1.2182076941339335	1.273236683436802
1.2978941171753164	1.260135525647475	1.2848272588180032	1.2242002791287947	1.262210837128211
1.2793616865362445	1.2382768389521808	1.2597122271450194	1.1995197066238943	1.2432741531912157
1.2635976863758906	1.235030461330803	1.2697480840950597	1.1968466721627176	1.2343131918080004
1.2668962071136551	1.21351734199086	1.2373104636766477	1.1857099557409483	1.228062699035721
1.2526866748016707	1.2132515794768624	1.2398395778573297	1.1867209870596325	1.212298141754404
1.2429263959733818	1.2013526923802444	1.2176766532416246	1.1636067260893033	1.2156237631428
1.230702963106487	1.1923587824008899	1.2166680112785226	1.161936723456091	1.1963863248119544
1.2308261269817546	1.1738704725795865	1.1959217288056192	1.148389657237092	1.1686992037053012
1.2077908296974338	1.1663923430807726	1.1912334464034255	1.1504302252920309	1.1756909602150627
0.8130705511691616	1.1610185135992204	1.1835452187426243	1.1467913048607965	1.1604327416541622
0.6743124350905418	1.1557562126188863	1.1652360549386678	0.7307576912702346	1.1423088722691246
0.607583458630406	1.1693055362117537	1.174609698203145	0.5741670583279771	1.142364813661089
0.5682520796449817	1.144648845706667	1.151926306437473	0.522160699020843	1.1375013757116945
0.5241683558846009	1.1255874569926962	1.1566143993820472	0.476191840457673	1.1203447598583836
0.5000800719978857	1.1387823829237298	1.1372912155122177	0.4430150009539663	1.11900627917173
0.48067995145612835	1.1299489538888552	1.1400274220778022	0.41928355927978234	1.1139709548074366
0.4649333721216845	1.126639291339991	1.1365875057419945	0.40477592285190295	1.1157617614585527
0.45835192121413304	1.0978043459507887	1.1186051082854365	0.3844593822651981	1.0975672125208127
0.450413926827664	1.0979960177625934	1.1054417947117166	0.37210751667010533	1.080031068349371
0.43674352909533354	1.1020407135389274	1.106608037133606	0.3603572406026782	1.0882013069123637
0.41805575917265886	1.0837259277397269	1.1043065689047984	0.35768840788882605	1.0686059916506006
0.4161488828154243	1.0868629131998333	1.0886376825522404	0.35373333066093665	1.0761082935698174
0.42057853944751683	1.088905550083335	1.0864152266662948	0.3444285451301506	1.048263919900874
0.26101617359233126	1.0789583510890295	1.0878077353141742	0.34480543518248863	0.6476150845386546
0.1912320529547881	1.0707169479253342	1.0855122041337344	0.2127242905981079	0.5028880542638353
0.17006129307710383	1.0663215086168178	1.0721984952688224	0.1506030138543979	0.45112853672127345
0.1538721734885963	1.0603785457051533	1.0722336826884016	0.13487290083525733	0.3953566250144218
0.1401968730841669	1.0562512415404228	1.0668428227001308	0.11406158043869905	0.37805274448224485
0.12830094510347273	1.0505818371870084	1.0696477522047192	0.10268956637580173	0.3530146221877361
0.1180447213427753	1.0523646701963592	1.067888491007746	0.09202014763212325	0.3306291877311102
0.10760142829041085	1.0355464606260758	1.0507590022622324	0.08928249118735598	0.32052158708779177
0.10542712071720436	1.0372130721807478	1.065570848632832	0.08527466419095901	0.3118450636310236
0.09854709872101644	1.032312413867639	1.0467919941459387	0.07646332202213148	0.3034523206249795
0.09302806276447914	1.0407180466822215	0.6368369869127565	0.07067628889059531	0.2979463452511296
0.08799092538122621	1.033635180823657	0.4834477004348017	0.06657994316168583	0.2792944583889781
0.0835361525188295	1.0210142646517069	0.42533066914397843	0.0583248009182969	0.2888671461948936
0.0805532760461982	1.0282582303090968	0.39540604897299597	0.059035970126183654	0.2833410534551558
0.07508505981567562	1.0134427000065234	0.36025030333168667	0.05511771980673077	0.2968621225457412
0.07240547165654761	1.0144112809580204	0.33880054532569287	0.05047887582712027	0.2813888246915779
0.06951713911732849	1.008752046799173	0.3186316445697934	0.05328053397563647	0.16118573002061068
0.06514639555647664	1.0141126847997002	0.30333000839668883	0.047149958146013776	0.10819611033158648
0.057329312917225206	1.0120437117863683	0.2870869457873763	0.04303015155565675	0.08477692714683246
0.05717917067968117	1.007443311871314	0.287338563260071	0.04202392197461156	0.07833173551729743
0.04898041450627603	0.5976388463560409	0.2895888317452402	0.039154112396039546	0.06807131094059776
0.04227332991300795	0.44798680493722154	0.27994862267253334	0.04085814160275824	0.06356094984755833
0.03999511779723118	0.3907394386371787	0.2823353651150757	0.0396923853692656	0.054674857714194426
0.03813769470672218	0.3503872029939478	0.2782109125080156	0.04035917574501768	0.05235789284794308
0.03401507483795285	0.315690631693115	0.260770848439056	0.03279512972399894	0.04707455250662653
0.03484507201581587	0.2935470772184888	0.15240673787359685	0.03409970998383909	0.04343458909389316
0.03328356230441407	0.2826145343406467	0.10386329512967146	0.028761777570661236	0.040198892240925675
0.03276986687691233	0.26433011745007673	0.08720757361805556	0.025667667521962086	0.037348753088438984
0.03243410028517244	0.2628171117406111	0.07607310335627014	0.024494166181859924	0.037797369214953205
0.03154935649767213	0.24564119827534467	0.06752039995804729	0.0219779320783457	0.035513401924803546
0.03201106745673687	0.2609178879659394	0.06427603140853494	0.022189602426880478	0.03356661868034578
0.03085135788257633	0.24144018661915043	0.056392091307408944	0.023795284330844876	0.03159415232948959
0.03020193408794549	0.15191160771539625	0.05509922900522243	0.020917308773389272	0.03009289470786342
0.03006551414728164	0.10736756389770581	0.05107690998334056	0.02058606867545417	0.025375005313936543
0.027842921109832056	0.09160130757990538	0.04452835935719158	0.018907644025677316	0.0239160802519443
0.02563615226928068	0.08077825223836974	0.038764840809210215	0.01835544329440715	0.021331162305966933
0.027259769307791584	0.07527372184000453	0.03835477881437661	0.018667041324079016	0.021335552370517825
0.026327429795447655	0.06972091713426067	0.03458284554356824	0.016744984931559587	0.020739268178918534
0.025834024256589472	0.06509020485516111	0.03634421612915335	0.017166412905884935	0.019556106833208887
0.024470352643758658	0.05975439635162451	0.02895024715333569	0.017537927559139778	0.02003632862196893
0.02422142581900163	0.05555199780406389	0.029170142638744147	0.016398060781767178	0.019671596111539676
0.026583134918948845	0.051013752095857436	0.025712351219690583	0.017889808426250008	0.018997858525538928
0.02659255325109984	0.051729616138856016	0.02630475011407114	0.01614226688801937	0.01824037588144443
0.02678082301756557	0.0486435768365556	0.025560955459974253	0.016455306462487405	0.01849964131810227
0.02547814611497583	0.042751834708817146	0.022692066821630816	0.015416309745906263	0.017959605256209578
0.025158074019210684	0.0396918745293301	0.02326685933358208	0.016698215251826517	0.017992159166392324
0.024572629747646197	0.03753361700824937	0.021248712518005353	0.014674258418381218	0.016422106542301425
0.025536470818428372	0.03823524282066795	0.021975616838935074	0.014743144749853837	0.015817091667226387
0.02503707373932918	0.03602651563682119	0.022630101773051577	0.016037962299638553	0.01652560422995261
0.024253004929050817	0.035407730211902966	0.02304643355737611	0.015057823567280585	0.01691102926448292
0.024555082147826944	0.03067908550099451	0.019891570854399895	0.014542425469476357	0.014870012369082898
0.02520981993602247	0.028194181583061514	0.021495117387753355	0.015617176168123066	0.015632968928132745
0.026295396556355495	0.02797860513460272	0.0212562305434626	0.01471759281976491	0.016713817318787384
0.024187121597327756	0.024946884337660607	0.019434521354886963	0.01380194755917301	0.016295986601664706
0.026404340808488885	0.024361385944850582	0.01833751202770035	0.014206228454654309	0.01592910323976254
0.025201418532096613	0.023436788203460825	0.019845445070187647	0.01424680316668688	0.015363741380979828
0.024511566195560962	0.02220750035604045	0.018342623838736697	0.01242349971541945	0.013716403879605382
0.02415456854006542	0.021069890135252956	0.017401813843040438	0.012721132154443432	0.015120914985178683
0.024798020929554295	0.021774696642342883	0.01992509042730138	0.013131840306581285	0.013906457537443056
0.022623391308802726	0.023001935237980616	0.017732340139241857	0.012273606102989651	0.016185594532562762
0.024143107026359276	0.02047882503734863	0.01792953371032311	0.013476365217368818	0.013682517916800417
0.02347053913399578	0.020063793989924757	0.018315441260228355	0.012932878880932622	0.013734076609264831
0.023908087185450955	0.021775303541549614	0.017926466774803643	0.012667061380889954	0.012554669049473438
0.024971787437644544	0.01940979795264346	0.017094925654177764	0.011907256464949065	0.013003869162758402
0.02523216135723858	0.020306730861490492	0.016641470451592186	0.013714786637954567	0.013892507038022183
0.024963820638249118	0.01816866451836362	0.017517014188045764	0.013560208967145609	0.01319682073532318
0.024437575467995246	0.01797491066842056	0.017178962491832823	0.011868846108566743	0.012166123580643713
0.024474459282141568	0.0190133383991767	0.0160741289811475	0.013016902651561772	0.013184126162407345
0.02491940253851365	0.018538381151227787	0.016180870807444563	0.01313009731737631	0.012536762342835791
0.02455321600546643	0.0175881838825132	0.0158918113352693	0.011769762243695405	0.012266268364476914
0.024330668398464223	0.01813353548700712	0.017041387986771926	0.012055190394119331	0.012606457331959088
0.024348403384186774	0.017955377954533516	0.01533648911483434	0.011871346353306144	0.01196402919535734
0.02714919002384556	0.019162030833564252	0.01472668720371261	0.012914026754775217	0.012698940096461046
0.023593429647081963	0.01781548611933783	0.015367533175312743	0.012045517801402174	0.012227065176988131
0.023226907248703806	0.01688922049325645	0.0158670950414879	0.013720748071767846	0.012108972310373676
0.02343445013714385	0.018527273350034144	0.014182632693982858	0.011760859978290234	0.01162882449523527
0.02359101847194288	0.017169403929111295	0.014564782958382707	0.012263246773913205	0.012300223169126066
0.023948152720624095	0.01941486577294311	0.016034196273480742	0.01234333669500692	0.011983067595532963
0.023911791045826906	0.01849808077308903	0.015918417795732318	0.011946074446017033	0.012926501872930289
0.02442052836853023	0.01726352638203879	0.014847670833827285	0.01274574409258001	0.011820472909935884
0.02441193615751607	0.017003577601696775	0.015946978950226808	0.011598223696785927	0.011736182324892402
0.02555229139932411	0.019340586045528862	0.016648392017208486	0.01286730740447434	0.011721233609227501
0.02478909424068976	0.019098990235705757	0.014639569807569587	0.012457262591591899	0.011324875588927958
0.02403227364340303	0.01811465034641478	0.015218911359884908	0.011920956581146738	0.011435827853310165
0.022407797887465178	0.016870779517505843	0.015191861599379665	0.010898433939306711	0.01254446223872353
0.024529188638553013	0.018012559516545464	0.014522098137864047	0.012810569199524365	0.011472091629949163
0.02586243037438514	0.018098401352383046	0.015541784094684591	0.013096761642670146	0.012493011902789682
0.024287585777287585	0.018429776976759342	0.014452028867541527	0.012978786830695307	0.011186608707304207
