1	2	3	4	5
3.8650420059633377	3.857982571472597	3.8370806237925636	3.8561729299442877	3.8585757056770427
3.2874439372430966	3.2505936122611363	3.289444861204728	3.275371938105434	3.251448988609608
2.8965337776466997	2.8498041312712843	2.920111398257866	2.8837040501177467	2.863007989380975
2.6184349468601944	2.584537790864326	2.6506707150003184	2.6032268555877742	2.5952580883679803
2.433795670719098	2.408310846599473	2.461787801264499	2.41227227251243	2.4026208085477183
2.2940529664154257	2.259962673992147	2.3175022900866735	2.267119433263989	2.2590848899558407
2.1828970088983124	2.152360943882061	2.204984612172217	2.1546481338608285	2.145180468059257
2.0850172027602545	2.0544649572933418	2.10364652198294	2.0614683033560253	2.0561347724226744
2.0182365057108687	1.990064471883847	2.0313494272549137	1.9956980949777468	1.9916412040705576
1.9557103186922	1.9334667015563494	1.970244184174502	1.9371549339245653	1.9371081361990143
1.9007635284262854	1.882867341456206	1.9130792224498645	1.8876805549387428	1.891060653245053
1.8592546342888763	1.8453343332271137	1.8748173021599464	1.8485254457844498	1.8506234792797152
1.8241611380711225	1.816350601823128	1.833550769044919	1.8158896310859929	1.8129101936774494
1.790214220886035	1.774508191191632	1.7944531837082895	1.7833698585515139	1.7824473201161448
1.7633420378350846	1.7549653839882067	1.7678972104626245	1.753883696578041	1.7599376985788946
1.7371115861341468	1.721331425335097	1.7339014007002491	1.7267029044573268	1.7347529952788296
1.7170994559212416	1.7113546395240835	1.7210035418610437	1.7166874478845047	1.7156586201904385
1.6941036684128947	1.6893844320950906	1.699881562186629	1.6949084988030634	1.699354371756239
1.6714061032170842	1.6655070461580512	1.6742715951426876	1.668389734709659	1.673547575540861
1.661875315334485	1.6535507888745178	1.6589519075115622	1.656187846837447	1.6657056043215113
1.6436657268372947	1.6389667911602717	1.6424557589508992	1.6479648555940971	1.6503165640184638
1.6232576229993034	1.621139032761459	1.6318375222823205	1.622272522858038	1.6311492807115144
1.6127638700977909	1.609989703463776	1.615971246338867	1.6133994315286428	1.6196277111082729
1.6108858076202897	1.6074844967678692	1.6085535702498066	1.6048208014739438	1.613025363753825
1.5902364113751581	1.5782991187346878	1.5810978214454166	1.5856037487459305	1.5886480357031074
1.5774936910785364	1.5751530532641778	1.5749922826162077	1.5742240272214651	1.5829185223030613
1.568180763203164	1.5648717294873478	1.5637261398003235	1.5696665707146726	1.574229940429065
1.5476950971061925	1.5544033324931892	1.5481304939445628	1.5547795429863889	1.5585753362806867
1.5417080023099698	1.5381088866602115	1.541909019965345	1.543862254418376	1.5477325312621764
1.541613042811909	1.5337827278829894	1.5402088945783927	1.53531964813047	1.5464783400830722
1.5289865451700546	1.5229863925358236	1.5282708577182889	1.5261023014097874	1.5346914310284585
1.5139157741575904	1.5172120149788044	1.5109404886470121	1.5242672433023863	1.519362897214378
1.5125697104217448	1.5115291270453615	1.5101234367131569	1.5132914205341388	1.5195715878625644
1.5164355137159142	1.5147719114942622	1.5095065829089227	1.5153720784370246	1.519289145384298
1.5054170231685005	1.499971296171397	1.5029593785400592	1.5020866244650257	1.5091234070565696
1.4875342406885088	1.4887252963717337	1.4871898020624807	1.4835568520114242	1.501533516837507
1.4871601094980078	1.4876055973570075	1.49081630276902	1.487658472622143	1.498855097824349
1.4830606017271266	1.4769828743337061	1.477113528934588	1.4797784641880516	1.4869224189797332
1.4778021348406902	1.476736669955045	1.4755792245840482	1.4757126408159893	1.4862120166763932
1.1396326936419354	1.1364526141939868	1.475111935754567	1.4797947925070063	1.4898642222289842
1.0221942678436895	1.0231769389813523	1.4585830110418228	1.458519658774062	1.471447440669358
0.9890971139568806	0.9823193274190665	1.4588286227277487	1.4598720698710295	1.4681875321566307
0.9568885416935774	0.9511262094578175	1.45585418875565	1.4575177985993795	1.4659384300031932
0.9331938071019201	0.9279433642811789	1.447467206384214	1.4456185404297037	1.462495201993781
0.9124767051633359	0.9090985558222026	1.443000430646151	1.4520805564987693	1.4556059023303443
0.8988786447993328	0.8958598850938059	1.4461018834882375	1.4466490413221853	1.4537181924371163
0.8874342540645848	0.8883436899965679	1.440390657281022	1.442810597931944	1.4577764257445673
0.8797477752046505	0.8750992091110601	1.434771157591544	1.4385825288875023	1.4425720121244647
0.8643763042471901	0.8666958828716328	1.4357624950311385	1.4368151972056038	1.4481728079983645
0.8538345398805326	0.8518466304635149	1.0812730194662536	1.4243807048748824	1.4299428036145845
0.8531969750628755	0.8503235398655963	0.9741169799624197	1.4331438690805065	1.4276026200760346
0.8495122633321814	0.8443945980132994	0.9327290396556221	1.4155677287170036	1.4316692019972346
0.7068267948639665	0.8402616607258692	0.9025285292769332	1.4165865984719115	1.425092308112727
0.6619677028387703	0.6924948969765395	0.882116885746226	1.4092403665527964	1.4230088687613798
0.6460957815275171	0.6453583090354112	0.8637425716575761	1.4113298514310044	1.4213525123913267
0.6318951012076015	0.630031438663487	0.8442154391037526	1.40538423079664	1.4198458975233388
0.6275325235350968	0.6200909227361454	0.8357215895677162	1.4080537405160385	1.4166687202575565
0.6173456237291742	0.6112462648040499	0.8263753908674427	1.4036060275933926	1.4170920071394537
0.6103273646910784	0.6017534795319633	0.8143744692778034	1.3928482258106432	1.405712250858316
0.6012026275820134	0.5921659153288282	0.8065177010148381	1.4029615977231187	1.409663273855243
0.5964171553359315	0.5886567829515017	0.8058252409291086	1.3964234773460251	1.4031772662306703
0.5904297492540701	0.580530656877991	0.7951608664544343	1.394507133137539	1.40871633623567
0.5818848903374292	0.5701493968439226	0.79355685241387	1.3891182375685942	1.4039449414328846
0.5740465088878451	0.569120057556025	0.7902061329473319	1.3950922629412486	1.393630649427625
0.5720615608765339	0.563184278624137	0.789293628671895	1.3883635061781125	1.402308422891076
0.5645577421273716	0.5544576744746676	0.6335754444836962	1.3886813224124175	1.3944628269166273
0.5310895876658841	0.5521137795942213	0.5890152878163718	1.3828359604491613	1.3916182450931094
0.5188620070667218	0.5442500984882157	0.5684463182831059	1.3814973087262017	1.3851660999190767
0.5164644429293438	0.540724092051196	0.5573162590451256	1.3735180331008212	1.3887577218472804
0.5147899664423964	0.5370243344922809	0.5491193037508697	1.3774574171856537	1.382151160398714
0.5129414157336933	0.5317972861135092	0.5423500585129193	1.0321971173481563	1.3904501545764603
0.5086377447523428	0.4946694861897422	0.5367220677530675	0.9169982287584968	1.3859562486638808
0.5114430708196156	0.4883064328099761	0.5281919152535447	0.8799923498307344	1.384848327283055
0.5063457591149508	0.4799718980289178	0.5248781011232636	0.8510122727555085	1.3826830801756491
0.5069140986255976	0.47858614484062595	0.5127747614517847	0.8206030011481943	1.3692341704502746
0.5014549152320611	0.47546472185103167	0.5072616795292287	0.8045077080007097	1.3741395186890102
0.49900483917397315	0.47383276275966474	0.5055631305403112	0.7853796195496073	1.3726498210216727
0.5023362186101394	0.4719047967887595	0.5003849917360585	0.7779551084389161	1.380704129748333
0.4969109088715995	0.46947308826019707	0.4922397613068065	0.7629688043728509	1.362634767199417
0.4951673047926726	0.4641473675932728	0.486946417166449	0.7516345775798149	1.017878757870716
0.4980966536437764	0.46598194101277535	0.4537794937563061	0.7488933487621413	0.9054031364448231
0.4928996577439711	0.46540296169193196	0.44274568809267817	0.7462096416279482	0.8589658932307795
0.49283547642285874	0.4553921804251268	0.44204943937718716	0.7389511534624998	0.8339117279138109
0.49273595297732914	0.4591100189996803	0.4404318408892896	0.7380580664290792	0.8125297433275089
0.4879458507765891	0.45000989464542757	0.4338890309528925	0.7328921896417429	0.7869945284350754
0.48472842939979244	0.45172574384438097	0.4342785694105241	0.7343787912974872	0.7748116503286244
0.4838644905620829	0.4536929270800422	0.43087199726677905	0.5854983103397252	0.767540699228302
0.4843110722654006	0.4508992120280599	0.42967494674350887	0.5418182579452726	0.7563686075875212
0.47824143250580037	0.4502122718507374	0.4251045352205291	0.5201371228298569	0.7430985142355377
0.47763831002633006	0.4523571660299129	0.42946372632785207	0.5108799488495684	0.7373092130321979
0.4746219586685795	0.45029903449060976	0.4238680470782472	0.5012672671576593	0.7308864697166105
0.47740507179209013	0.4531638888294433	0.4274686067305562	0.4947343849769947	0.7363795790525958
0.4720286244474102	0.4504874071959033	0.41999170717680856	0.48375165607313375	0.7235780375845293
0.4708499479324312	0.44713573344528196	0.4195282799965892	0.47559134734561087	0.586120026343314
0.4729173599606583	0.450679960153292	0.41996522335445197	0.47225538841293885	0.545584168123162
0.47258935537179686	0.4505245966450941	0.4184195331447873	0.4683841929563783	0.5315580513623671
0.4737403251783319	0.4490842144660023	0.41671136593269864	0.4602587227626225	0.5142705499211238
0.4680088574014357	0.44720930585166085	0.41240781865766274	0.4555107994610086	0.5070788186529417
0.4761146047840945	0.45100581607855206	0.4117780752346647	0.4572116195240899	0.503733590130916
0.47036033137070243	0.44950883444922657	0.405395169544708	0.4493038838781663	0.492746552924061
0.46681149208637124	0.44474148731249974	0.4075208227042958	0.44350517840336634	0.4867781515773913
0.46801158526669373	0.4460369398069505	0.4052722192633792	0.43715372635885275	0.4806885816861906
0.46866175776247476	0.44657055824004177	0.40456267322420764	0.40762482579711756	0.47863079878070486
0.465779175767508	0.445758597701407	0.40306647342946506	0.3977719856726241	0.4697074098202883
0.4666849202512175	0.4493943597654551	0.40283098157561936	0.39552324099461417	0.46281983655736886
0.4703795949516394	0.4485884980320017	0.40575470514309675	0.39474031233879	0.45915913490383176
0.46649496451668115	0.4474685032044532	0.4023050138407655	0.3896798310453631	0.45482247320892255
0.4662114921433239	0.44794139913890696	0.40297150314616437	0.3911215980796865	0.4249209806589825
0.4693163448892287	0.4476850771385692	0.4032645462190407	0.38659382537197884	0.41777116258430963
0.4672811380432694	0.44786323115343935	0.3994427442245774	0.38399021255085863	0.4131564679353132
0.46743779726650403	0.4451528057417905	0.40016258041114755	0.38459827097328114	0.40921280782698366
0.469132169128379	0.4479816834944897	0.4029877291006199	0.38542138726052705	0.4110271573219155
0.4664031572049231	0.44577664030177516	0.404354715362534	0.37924256856026844	0.40534133454570387
0.46704303837188343	0.4430828080762685	0.399204339136553	0.3745808192073843	0.405545598558148
0.47045292238445213	0.4489358426512358	0.4021720496742318	0.37500693269855195	0.4086529393025373
0.4703618199624065	0.4506121630711324	0.4035124824098916	0.37515844766746115	0.40754997211953864
0.46664134369177	0.4464157658922095	0.4015214296481796	0.3728766368554377	0.4015043520790229
0.4657555251475185	0.44734538478009833	0.4015485806690762	0.37253786406248707	0.4014832081316072
0.46836505247199	0.4460862467203604	0.39929073911798607	0.3695425179684561	0.39360155031809135
0.469218812558962	0.4474990374749274	0.39800668197214784	0.36948669745641605	0.3913166731824657
0.4657161881399278	0.4464893297618614	0.4006713980908892	0.3696075684350467	0.3944952436877638
0.4651068786678413	0.4432670320848675	0.3969815555588363	0.3662161170064335	0.3869473402914791
0.46227471557114747	0.44618422570435906	0.3983224588434407	0.3714241961307843	0.39072592095340913
0.46304727682981933	0.4443418254785221	0.3995009274281506	0.36966475669075466	0.39143045841123136
0.4694698144255392	0.44847062923719205	0.39845633003717784	0.37037147886460386	0.3908300529736693
0.46596804596578995	0.4494347050214361	0.3995585314300664	0.3693035078780426	0.3911135672684519
0.4665999201405079	0.4478490395314245	0.40063990763081325	0.3681724183166119	0.3898790091504828
0.46717093126548204	0.44653013401933944	0.39903962837003404	0.3674915432929994	0.3884908215850209
0.4691687568526742	0.44977384577017	0.3987958567297977	0.3684421166434617	0.3871503342752873
0.46464607660727725	0.44704433185670084	0.39655571444260196	0.36654363751716346	0.3889830460405108
0.4671692868785174	0.45055436341049154	0.39911617658784637	0.3682605565127819	0.38806450283131005
0.4701642751541284	0.4473446643413488	0.39901248321813726	0.36801568691230496	0.390289187202673
0.46436300919488843	0.44513852760919825	0.39890679385503547	0.3671752449191744	0.38836574703073856
0.46571447728844845	0.447212300718288	0.4025799956010736	0.36751319631896073	0.3894019628043677
0.46813521421778814	0.450042847934586	0.3993027856968857	0.36906230846024496	0.3876170756109537
0.46737170737722633	0.4470169919226177	0.39978562859470557	0.3681700802062783	0.3881675360910119
0.46356732529752376	0.4479370115663084	0.3987197093189216	0.3663892567996176	0.38641309886789676
0.46687702785062657	0.4475941991104801	0.3999815002426771	0.36698821907305673	0.3873098976243182
0.46836207818497194	0.4461571501801387	0.3971052612642499	0.367717985759306	0.3877890764371207
0.46625909079676076	0.4472309893659312	0.39606076029255594	0.3669951685401789	0.38444304165175486
0.46302240629635194	0.442814406226663	0.39586036665665186	0.3616076000511191	0.38423050517011487
0.4671280220951265	0.4432553834165148	0.3996698443618268	0.3625914735333694	0.38701347858094803
0.4683729859874071	0.44551833236918753	0.398561036342855	0.36630394048703	0.38820140944112586
0.46552510365195887	0.44925875271982557	0.39539405734032945	0.36680310396739557	0.38460710656155084
0.4701933104668736	0.45230426401128554	0.40091874844887704	0.37121678667757496	0.39085723928478366
0.46167674416776217	0.4420516174620069	0.3963365425996465	0.3646962809212066	0.38416311182939156
0.46586490119509655	0.44939811401964785	0.40206084996842945	0.36700395012603065	0.3891098499298096
0.4648775991119081	0.4474854403749453	0.3986674874944762	0.36800866305370766	0.3869076147866067
0.46818747781121833	0.44771423280391565	0.3983950387029089	0.36909397396132754	0.3894421465104192
0.4643127254360475	0.44546249859473286	0.39439783761720787	0.36679813856511495	0.3863921784760091
