1	2	3	4	5
2.0710290844178245	2.2215731192732715	1.8992529677613015	2.0117150712805945	2.1044481681740805
1.7459284570211038	1.8858153496861765	1.3864170315930304	1.6288238071724577	1.7535260555994177
1.3896314113036452	1.5565537586236553	1.0437822785523867	1.2863263297263916	1.4312616781810354
1.0941545873346823	1.2449658538984216	0.8579582680216841	1.0207207213582294	1.1581480300335019
0.907135295898408	0.994028033655317	0.7694068145569021	0.8622744065111555	0.9592233457223844
0.7925309855919662	0.8431714286889574	0.690812629202138	0.7681369944606593	0.8350708237694352
0.7164999609408172	0.7569971474845084	0.6427358806590601	0.6965042044744463	0.7568197983610055
0.669886408559502	0.702211278478813	0.6012348685880448	0.6482807144789444	0.6982682478397404
0.6212439049235394	0.6562992720042955	0.5670094324652188	0.6143063785474928	0.6514355420608957
0.5918479156311207	0.6167824203553399	0.5511997626413169	0.5800265297103113	0.6140681185838207
0.5630588013955093	0.5829676135879045	0.5277299010540212	0.5519254772407016	0.5780758190795279
0.538331743930002	0.5596138700804747	0.5152855649628597	0.5331391558775207	0.5601838292063351
0.5199304411325913	0.5390219907169146	0.49302670618762146	0.5156619508400598	0.5437221402859753
0.5136352605984332	0.518209467306162	0.4804396333596898	0.5019113466410384	0.5210453790167097
0.500203995600991	0.509746366297193	0.47117696485251126	0.48938378699295326	0.5091563931206599
0.4871754928318132	0.49709552343544156	0.4598162255781082	0.47927167981177	0.496089721503465
0.47433523868051036	0.4791502685040772	0.45704772961718965	0.4701481190179008	0.4874739898440173
0.46211324567380135	0.4724125362875517	0.4402614219871629	0.45686224583164786	0.47156798351756113
0.45085100429442204	0.4640076043050921	0.44127983235947005	0.45106755749648786	0.4658691443293295
0.4527421129481566	0.45319041503054996	0.42665677668188573	0.4450806117880985	0.4545647835792486
0.4375164275584014	0.44831610373828723	0.4220127665325812	0.4326972235041809	0.4472980013741251
0.4280310931717954	0.43440090001696535	0.41367046066257396	0.4260449594701343	0.43599413247669444
0.4254212185854802	0.4384802081395905	0.40880094060812433	0.422948342302571	0.4388657181769076
0.418711030193607	0.42584018603615176	0.4044804675957127	0.4132455950960172	0.42840634457900384
0.41165440535301434	0.4193946475263144	0.40651572817731696	0.40511775710393716	0.42347734274766624
0.41369357285902	0.41334821683976314	0.39810040044357714	0.4049565595434145	0.41588354110717773
0.40434310785339905	0.4081330452581197	0.39334427677761846	0.4041900706413154	0.4139815418769028
0.3993956766774892	0.4023961183207721	0.3870829370473049	0.39511624588380995	0.40425524870148094
0.3934613192630239	0.4026088581213256	0.38019046598992995	0.39187162702955586	0.4034911203567331
0.3910801522719584	0.39251933401198025	0.38218140381071586	0.38538601803962536	0.3995865971383536
0.3843080867129517	0.38888722909685897	0.3779657363434277	0.3814082446762974	0.39377567530288127
0.3862168852935358	0.3882016092157732	0.3747753900335268	0.3798128265096706	0.3928296867081577
0.24719533110823438	0.3862117274338024	0.36675863779719214	0.3729746150010075	0.38539610791694184
0.18875381948850345	0.37719173817073587	0.3719037640887456	0.37104802500561374	0.25607406963472784
0.16647415520513745	0.3811271442934071	0.3638282213979363	0.37087368385871033	0.19465038123185677
0.15149059853590358	0.3736288476630547	0.3630104299701387	0.36249787377579423	0.1716730763464022
0.14325788832457767	0.37439985226487255	0.3558364486907753	0.36502043723755173	0.1616828574244018
0.13106386750326732	0.3710283430488517	0.35839160842358897	0.3603045301669085	0.14800161624427344
0.12826924529069525	0.23170479770054273	0.3553674466088606	0.35610760615000037	0.14282338073491438
0.12144147515144493	0.1706650790465458	0.35478954988977185	0.35741281844770806	0.13359230604318087
0.11871975802285287	0.1538108849655028	0.34926899299597197	0.34815094789580614	0.1266324542215108
0.11733036025253404	0.14105009152303882	0.35287402433050247	0.35006443489238115	0.12370684390406479
0.11609234069200132	0.12798138503985623	0.34569446925464503	0.34957576579297606	0.12174559415072737
0.11128068576231034	0.12299417477586994	0.3465199040253754	0.34693045731243305	0.11923204371920026
0.11369632687562567	0.11495251021802891	0.3378293178880304	0.3464972127962601	0.11759637515334515
0.11175989220514312	0.11137211053153441	0.33802926742359835	0.3378765623435341	0.11588303762895376
0.10921392757493217	0.11062462797478946	0.3404418095527094	0.3426957160158232	0.11764230975485815
0.11132111469917289	0.10454742276988677	0.20648910492048853	0.20703696983549605	0.11452869960414183
0.1136395226487571	0.10613517292663262	0.1510328590831795	0.15141259063311538	0.11188443239463874
0.11031311698010202	0.1051860301257553	0.12464811372787447	0.12778404949571168	0.08059094608058714
0.10848335832204963	0.09966809252072174	0.1116443266496634	0.11689262670438623	0.059769575167304426
0.07582011673113574	0.09950143800062285	0.10333906600008846	0.10842375238152115	0.05056019270759254
0.055140989949293145	0.07453475214178903	0.09648290459457261	0.09855131743013704	0.04379344409536524
0.045739893284638206	0.0561567351908025	0.09190508374548936	0.09421470698416998	0.04197248547811951
0.04041822106027242	0.048398300528983626	0.08968638728761	0.09167041563812427	0.038191657127512366
0.0374351731546776	0.044035202116155324	0.087689294629847	0.09125200361775627	0.03646023147036813
0.03289316299721561	0.0394908803850984	0.08709061946100591	0.08656030325481046	0.03469843017961594
0.03119593000044221	0.037355487880385146	0.08434067550293926	0.08809475322513631	0.03127894438136264
0.028979922911566702	0.03418883039613669	0.08241343873617295	0.0867716609154973	0.030883343835525653
0.028773080057385943	0.03210453655989961	0.08423031165319325	0.084936104324239	0.02990294727103789
0.026203546158569246	0.030992199616778255	0.08489682243379486	0.08545586713554003	0.028535705147897057
0.025046788720542626	0.029117468966032994	0.08350935185809265	0.0633840638277171	0.026606315737375832
0.024879421307550525	0.027229190611130435	0.08362513278489526	0.04807524284457458	0.026144664686963998
0.02397664479168176	0.026152709625242156	0.08461662337107734	0.04134025202725853	0.02492918492630696
0.02320459719671086	0.02443407922078048	0.08432377173620108	0.036593835572223815	0.025447305391930856
0.022225557924117276	0.024509115316107152	0.08618866286390578	0.03392637128253347	0.02510071647070024
0.021547838168985704	0.023870946544096293	0.08464013022916088	0.030675260993220932	0.024527422585965256
0.020752818990603574	0.02255696126872011	0.059973120403564194	0.028500354286673878	0.021913398507401295
0.01997679614049888	0.020874639343032065	0.0426999034879305	0.028209800017364048	0.020446748358419028
0.01973876998166714	0.02055541126062269	0.03551850833541824	0.02521429963105017	0.020399878966286217
0.019272110448754806	0.019006543876150674	0.03169051197636156	0.024439548835386994	0.019225758440849696
0.019792422260422143	0.019595123815547913	0.029009927476248934	0.023339336940451833	0.018661066478885255
0.019052647686589607	0.018520658570186952	0.026125640189156037	0.021899120798787045	0.017990933533500668
0.017956741000561386	0.018576990525998028	0.023938112189550213	0.02075654615188385	0.017633997945977222
0.01890360301508166	0.0188219342285486	0.022380820358805665	0.02075866202387931	0.01817056602057633
0.018205763302895882	0.018046538426500294	0.02164581325143348	0.019428284658962246	0.017950406408799646
0.017202479062158903	0.018212911407308435	0.02079060066567587	0.018997499200008115	0.01739960828738862
0.01825053385718513	0.017448580547538395	0.019428683173321113	0.01809479482948323	0.01693482826823544
0.016423019662718554	0.017006543786515074	0.01926078861507841	0.018639604578895116	0.016649177132407784
0.014983999307083952	0.01656993608826492	0.018443350744483715	0.018456518053389204	0.01689851002724806
0.014571375226663888	0.016852755519940203	0.018290338170764687	0.017487876263716274	0.01657265541679642
0.014101671917206793	0.0165167047053842	0.017125250023725412	0.017347694505625365	0.01617325930629889
0.014133875066524042	0.01686745091362874	0.01603946275294514	0.01672199839735616	0.01650239234251895
0.013533834604989452	0.01691666291907546	0.015948697195752808	0.016130522342489257	0.015940659412699742
0.013875393034971283	0.016052638614059554	0.016495628321729124	0.014808708491027726	0.015542662840650968
0.012819097398796957	0.016295868656871944	0.015740898826047574	0.014671971580809177	0.014980038047989688
0.013071447450076896	0.01618794587981479	0.015257933567685388	0.01400553465575514	0.015109472634161215
0.013119073322666876	0.016155176903204522	0.015126623079904814	0.014294268556244074	0.015071741495843583
0.012649837884899522	0.016435205950723283	0.014937462213704046	0.013470082044782472	0.015554515699691629
0.012346458739227122	0.01645130722704906	0.014102546063482838	0.01339619741310625	0.014928407263239407
0.012665986133467807	0.016490863977938596	0.015256205038941649	0.012846482571100102	0.01479109928316777
0.012579952450016573	0.016428595536228857	0.014320656365436283	0.012849863607893738	0.015195390922934423
0.012147121215977566	0.015685328875508726	0.014511793182538747	0.012951143031172894	0.015055669204848797
0.011769042488501955	0.0157927251158906	0.014739018050320164	0.012444201101789547	0.015616170081841142
0.012277337603385327	0.015968906029801593	0.013840175482689804	0.0127974317082778	0.015147826495006336
0.011765307153734708	0.016070634288632365	0.014314585675001894	0.012593655348005113	0.014660979434133263
0.012003028534276546	0.01652362901965142	0.014135075796185934	0.012228972578654667	0.014695338883420542
0.01187011719707524	0.01567643559525917	0.012858422966126125	0.012094026885193105	0.01471073748400945
0.011710040872711743	0.015489060594878923	0.013398073451674495	0.012422446324668667	0.014638870095838894
0.011944491853294393	0.015737032443951915	0.013675598817093838	0.012505846845981713	0.014318997856191427
0.011737200550620663	0.016047417861469015	0.013464613820014083	0.01263117771405164	0.01444089174022911
0.011977179004522538	0.015695062795858805	0.013007601905290201	0.012227159187607372	0.014402925043993283
0.011862042405263847	0.015507186758224765	0.013345341362497388	0.011716758853772557	0.01520731846404159
0.011966831555775824	0.016077009317896233	0.013273005348766014	0.011705969612750097	0.014273418410135736
0.011734704702587615	0.015724512201774392	0.01362315071699068	0.011943313855287206	0.014549208902622892
0.011966613274963225	0.01588746406199872	0.013769578086236096	0.011949618624480402	0.014330304333763895
0.01198402627507019	0.015474150395568688	0.012524629396426937	0.011518777056318492	0.014710464692243456
0.011629292948643111	0.01646837159572052	0.01129424802916091	0.011756155224245456	0.014467504643656483
0.011708862354259584	0.015833051646571332	0.011401676587150678	0.011809719353676073	0.014978232705379686
0.011799085524428595	0.01617756017419459	0.01092320100268555	0.011034274159375659	0.01550156202600777
0.011694190506835272	0.015893785553315016	0.010706054384979747	0.011416375197594036	0.01456413040166278
0.011627359528932964	0.01569771653046007	0.010454580605820843	0.011238111193765837	0.014491252053309886
0.011718784432734374	0.015553566449752919	0.01083492431098885	0.011575697434118112	0.014129231825632884
0.011504397323817165	0.015923273193476056	0.0105069136125562	0.011280942250929217	0.014413268863916617
0.01185171191683015	0.015837684763200056	0.01035797508442989	0.011322141553530151	0.014693194158289511
0.011793831102502395	0.015813220922342105	0.010503938783655693	0.011123975130307773	0.014532356717102138
0.01173212337295723	0.01568360403394494	0.010577058614900952	0.011560550377563667	0.0144580186015981
0.011628415031820688	0.015528558460457245	0.009938395126005806	0.011210232004856744	0.014492440168433783
0.01173398598833273	0.015323040451940217	0.010152445109251439	0.01110718237793507	0.014719856583782474
0.011740187133002612	0.015824398233095532	0.009949224591350475	0.011412503807555386	0.014470696885167326
0.012038346581265822	0.015908155430708552	0.010152798317506189	0.010954852644687577	0.01469422739994763
0.011461383359425741	0.016427966059826295	0.010028411272217697	0.01158300519008618	0.015023069437164483
0.012004936595097214	0.015602641528153141	0.009839783718004416	0.011515816231794145	0.014541336111343275
0.011799528243263128	0.01564241501281175	0.009881601364011205	0.01158526527773961	0.015248014276032633
0.01156367568175316	0.015598760510478022	0.009534378275227596	0.011053088296185749	0.014891497928963607
0.011804994996017813	0.016290763013131555	0.009690339628206868	0.01147897674671143	0.014612006922693122
0.0117295972545586	0.01578276932520596	0.009375570272869616	0.01127203606793184	0.014490447606167297
0.011809719927713775	0.01582954473474333	0.00942886524293048	0.01112712960323448	0.014201277543021288
0.011647710330126917	0.015826972093090145	0.00958813790141431	0.011398510774002057	0.014441157672125513
0.01177033547983717	0.01605177455989031	0.00966521760072474	0.011203717676174767	0.01426611253824991
0.011930353664423864	0.01616196667589725	0.00951650691673616	0.011302977216803975	0.014265478754182683
0.01176240635783319	0.015735173906387803	0.009195956870761066	0.01113959863696181	0.014061636007998304
0.011539178424040841	0.01602715703532519	0.009430638583534207	0.011043131337179548	0.014797529805918478
0.011320134829682157	0.015618600415737566	0.0093491322663434	0.011308144263523005	0.0148426558407943
0.011525909278227399	0.015052206822625746	0.009440998767104825	0.011284225779916618	0.01468061511774006
0.011741574349886997	0.015346441248817667	0.009185819636525398	0.010974995986036868	0.014515985407249627
0.011569911141253414	0.016228100251587458	0.009260854205054703	0.011197533967006769	0.015127097860293091
0.011906292033441315	0.015982386253564573	0.009103188721124847	0.011166850294288993	0.014555322249298515
0.011681149170622036	0.015917298919938094	0.009261670677215231	0.011194631030968844	0.014431929237225933
0.011612319067130087	0.015290786751576942	0.009372674126435282	0.011033169003417892	0.015062558726714848
0.01146613846859321	0.015836857471262553	0.009324952006063715	0.011001981385147476	0.014621738511163856
0.011861229379711414	0.015405210336465434	0.009264127364444086	0.011348838061618299	0.014305328377439173
0.0113726436956059	0.015673438792147915	0.00914521177616113	0.01113616135995597	0.014806651035109369
0.011782088182399718	0.015634874508375547	0.009034686714715667	0.011659454300647125	0.014792699630007806
0.01163672404054105	0.015765907409627102	0.009337744355211248	0.011101502505943306	0.014469984355513632
0.011547683932296826	0.01602875934246825	0.009197320053091899	0.01116169104590784	0.014881629474184786
0.011487136845050571	0.01588907606585329	0.009161185361254386	0.011222569769739038	0.014781441127457442
0.011681331688409572	0.015794298983157592	0.009290226288568564	0.01146109443505669	0.014761137953528281
0.011513719943773638	0.016170616820216418	0.009238858611973197	0.011471034009771817	0.014534170630976293
0.011727199362128822	0.0157568933015875	0.009111921534018446	0.010936957229014551	0.014286587933016483
