1	2	3	4	5
2.265771102722346	2.4149317960909826	2.0709946609823904	2.1905642933857714	2.2980485188076836
1.7879906133617596	1.919367598450699	1.4326914298869744	1.6699449823945385	1.7993056100347775
1.4116925763352142	1.574270434696656	1.0607945422077414	1.3038419939367965	1.4617959221305745
1.1067841371611853	1.2563203490908488	0.8691479365539059	1.0319188356094662	1.1716419667234208
0.9169394561396833	0.9994952171050069	0.7759684921835389	0.8686111855994715	0.9674660167120918
0.7980117465528994	0.8485338639115437	0.6965001505963945	0.7731401934038344	0.8424367191236644
0.7217640687742497	0.7586924055653156	0.6484430400306918	0.7022009828816291	0.7619076695131217
0.6754698517834752	0.7042530603573457	0.6059791963271175	0.652379820109023	0.7026823210289413
0.6241924807696083	0.6584518656248936	0.5723781438587269	0.6183741158231749	0.6557365160464022
0.5951351598095712	0.6172295990197556	0.5541961093997708	0.582539124485782	0.6167273434531652
0.5660173388393328	0.5842762021609893	0.5305341040081996	0.554064020628819	0.5803087173825339
0.5413327464057356	0.5602202128113988	0.516744216003686	0.5353144269312742	0.5621641894892961
0.5187259214308558	0.5383097378494183	0.49244330438506584	0.5189347908929793	0.5435100306025549
0.5124421107494622	0.5172991054442235	0.4795720789133738	0.5012698934587373	0.5212228575630868
0.5006399246128013	0.5079494598881363	0.46734474900433476	0.4882322981991732	0.5079620244253015
0.48434069417321785	0.4948949886252511	0.4594857417180411	0.47563663902490033	0.4935794958220725
0.47244035713660437	0.47761385752569385	0.45236992249098584	0.468733237298858	0.4848555814274743
0.458621325357186	0.47009075648339504	0.4379115215195413	0.453362661325718	0.46855664268479047
0.4472956397115727	0.46103129514952756	0.4371270531659842	0.4481135436412318	0.4634505877333225
0.44902622985565466	0.45029779658902924	0.42276036041929277	0.44259843306468316	0.4504624523241501
0.4352185104204262	0.44553443263558773	0.419383220355529	0.42954416721678157	0.4443616842674781
0.4237044140734635	0.43317209058405526	0.4087128311090761	0.4217436475598296	0.4324764450035437
0.42300861582274313	0.43422819891244263	0.4055681616220328	0.41887908903381715	0.43555392736516646
0.4147201834813407	0.4217611383599091	0.4001388023119141	0.41126248107084523	0.4243883391094331
0.40643420647782136	0.41631247773957064	0.40412181371923006	0.3991528899620863	0.4222881924313352
0.40976716486541775	0.41092390420339275	0.39306946114048646	0.4033288893568545	0.411360329374328
0.4033694579397018	0.4051133809644551	0.3897673358850162	0.40018000036401785	0.4098573322491269
0.394347145658015	0.3987922437126984	0.3832700311604056	0.3898939957170534	0.4006195493290187
0.38894380202226286	0.397916324150837	0.37652907541493313	0.3877832623165283	0.39981719013065337
0.38764038918268356	0.3881386510094109	0.37886261566520657	0.381154315970133	0.39598349380828507
0.3813014484732353	0.38528574759240647	0.37345444207148765	0.3784488364482473	0.39018204110815063
0.38170281650922494	0.38553824792127794	0.3709327492796248	0.376565167932864	0.38850672554481974
0.21823082852851391	0.38228792314181875	0.36131502348748595	0.36715486173129763	0.3818079236980595
0.1734426951850466	0.37240282421374277	0.36799269804106954	0.36833260728575085	0.22995252303226535
0.15294946366182674	0.378302678732616	0.3599260050012632	0.36663745797198716	0.17859447009080195
0.13775080158506217	0.37047542707846903	0.35926820208197063	0.35941115833456816	0.15842064388115407
0.13299961419552178	0.36987623103591777	0.3504902708256034	0.3609093888793762	0.14849306271432922
0.11904019832877864	0.3664781081935633	0.3545007459495377	0.35655049575716674	0.13616604996306825
0.11831855549074499	0.20669875640774635	0.3511050250524149	0.35251370552555655	0.13140752728161445
0.11130801202905612	0.1554111661032185	0.34978865231851813	0.35293658763703784	0.12175066387066456
0.1092513127685965	0.14159417573524563	0.3454653942752676	0.34405855876405506	0.1157394805565819
0.10675756497037077	0.12803625336388494	0.3499504168853736	0.34657913515025085	0.11373651076270187
0.10722442490556057	0.1146815873901634	0.34103147289179797	0.34503028303613414	0.11220631404015265
0.10025157909506875	0.11292354278552257	0.3415795127906461	0.3435535717498309	0.1072859302010683
0.10702716876917032	0.10452061353722962	0.3332854294029955	0.3428332347927803	0.10962125628977028
0.1006114911812041	0.10243075883582886	0.33496825198840596	0.3330778485292669	0.10566848787524366
0.09928484203870339	0.09925055141320148	0.33415408935540775	0.3377565452662272	0.1084445685367374
0.10291243958122585	0.09513833921145447	0.1817227121909408	0.18184808196733387	0.10528361189472096
0.10406517649017023	0.09797882796515284	0.13370793571938636	0.13489368494095091	0.10207179528387145
0.10180750509719261	0.09289470417401222	0.11049892092623832	0.11370032605574572	0.05823343425817656
0.09710011864200123	0.0906628616859236	0.10026981954550956	0.10474963690085183	0.03805325401332373
0.05351830255764223	0.09152335018071985	0.09287794226842455	0.09685825503638484	0.03249602506170645
0.033361215758925825	0.05020238954068907	0.08550821702994038	0.08691897706302529	0.027109548544792268
0.027363588695254765	0.03562814011083696	0.08230078416635918	0.0849481576724964	0.027674252858094855
0.02331563207389944	0.030714803920758676	0.08159147068629483	0.08297026817165223	0.024977545813678798
0.02251675487269679	0.028473233966075855	0.07663950761851601	0.08072716679871841	0.02263354440517437
0.019059424641091945	0.02457184510786669	0.07940898343558661	0.07743405212012239	0.021623418935576955
0.018370987727161496	0.022466977262664608	0.0735391101578388	0.0779987459340136	0.01946131671633563
0.016479505881038317	0.020968011327926285	0.07226827381955243	0.07821283678588511	0.018892197791115412
0.017839380949640347	0.02032312323980014	0.07663273999986747	0.07591860061582857	0.01827419774316232
0.01420113656436429	0.018379786880710708	0.07593419056509612	0.07679787727877928	0.017225183470322328
0.014610030726455815	0.01744523658738719	0.07428457629878807	0.04293548262885312	0.016560585064160863
0.014886232911158946	0.015067143281778833	0.07466577688503606	0.02998999561971564	0.01630414976640736
0.013391798717038873	0.015083802063637386	0.07745496005467752	0.02379622927788275	0.01551215056463352
0.013505319126850688	0.013669750461464411	0.07375951016040712	0.02040492414551624	0.01587775473475761
0.011849226834981333	0.015015206712981692	0.07710830246091185	0.01951686769504756	0.015444744180184086
0.010620934705909758	0.013417951910353979	0.07694823273917284	0.016417043235943767	0.015192974006276
0.011780427192406882	0.012393400158799825	0.03703280329189793	0.015687393541435907	0.011818668282533647
0.01059019586245251	0.010898008475751828	0.023939351284461997	0.014520061147563598	0.010645314363900885
0.010867035973940961	0.010688605377703067	0.0202369750251093	0.014274194603190396	0.009593192235473788
0.010651044717863616	0.008925969561185612	0.016747523728005427	0.013245758979254974	0.008559085596936383
0.011567317055064301	0.008884920445663844	0.014986570510070034	0.01266909554562605	0.00885330211094883
0.010186595184838072	0.008433088319628584	0.012942415621617572	0.01034622654780898	0.007588711196242278
0.009700592678716728	0.008613794841958428	0.012332000081305911	0.0104037085530179	0.007513736297264505
0.010906334356654949	0.008876757720089928	0.011164681966919115	0.011053100309294205	0.0077508305725844
0.009697101289130112	0.008078571220817015	0.01075141759746521	0.008525020254733003	0.00883165686427022
0.009474569209910879	0.00773500015868631	0.010064374888315799	0.009550036615965988	0.006898649519814365
0.00983282366810399	0.007614992502981516	0.009548872112608547	0.009229868746605582	0.006251554533629614
0.008057146034527417	0.007610992159303804	0.008665669599876689	0.009330822431179872	0.006851762940492621
0.005807395080042544	0.006693665578942318	0.008750021226627902	0.00948011273961238	0.006905183123419883
0.006062492399531254	0.006546153645257438	0.008858789999485776	0.008503983264117292	0.007425686241487224
0.005609375436592585	0.006438624971281842	0.007763746695931227	0.008371898186300183	0.0064862212761664945
0.005425152244984794	0.006927949645558891	0.006012481447342602	0.00840821925192224	0.006850816352326242
0.004504713559132596	0.0065199783443451835	0.007382804997112895	0.007481842239261088	0.0065712820395560515
0.005227763426836693	0.00620838064555069	0.007941599411275384	0.006393980630256635	0.006216074978394428
0.003982266301617903	0.006481159445079387	0.007104034828560431	0.005945956236813833	0.005943822485092275
0.004283686790167523	0.006701583202328064	0.006792865183842762	0.005610953942012722	0.005143709761826583
0.004694031017934878	0.006498059853339744	0.006743300348863275	0.0051487117417423536	0.005470105889908339
0.004340065619372341	0.006497723473202614	0.006676983343118139	0.00509796059235473	0.00593885499031266
0.004258667443976605	0.006434998159711261	0.006730255204588747	0.00462681014576684	0.005672164794886505
0.0042370823813397485	0.006760266348671957	0.00706013656504776	0.003943429553888434	0.0048852017246987026
0.004562502006685733	0.006060719232806166	0.0069434134113361785	0.004719496022819365	0.005649951131790494
0.0040388731881404495	0.00661293329442363	0.006294521319744226	0.004022545355093453	0.00566422195195237
0.0036197042127218467	0.006211943402791113	0.007111205099522115	0.004236123332565611	0.006012012842027928
0.003461135133012387	0.0060517791190596686	0.006060080895143206	0.004298464044966658	0.005494073437064735
0.0029008517225208637	0.006593123455579531	0.00683998231254423	0.004159683290192539	0.004822515091165671
0.004002105575078703	0.0066840566023040945	0.005816514423364754	0.003961667790056189	0.004812568424345776
0.002967171108974216	0.006156426996750102	0.0051850489569384905	0.00349099874166567	0.005843210892747049
0.0037305689407298183	0.006609478377072553	0.0053527521983603695	0.0038731479612381585	0.005195456811839053
0.003530431988552605	0.005793539666221774	0.0064857101301326785	0.004064560962526503	0.004641228248728457
0.003443654929555695	0.0058871058102868655	0.005568432082157688	0.00462327234308852	0.005248973080281006
0.003173930181638169	0.0061350044653848594	0.005104063691355787	0.004010780706115626	0.005435518897495821
0.003261185579878444	0.006237031344998429	0.005074904048982102	0.003865342258530506	0.005241685768451225
0.0038872109130596573	0.005863972719225203	0.005148842075691958	0.0034016562373284484	0.005048069683715816
0.0035083682622874886	0.005997050764953808	0.005932243480740104	0.00396399579637343	0.0050663866901822655
0.0033251057766601824	0.006156534936679218	0.006132324704069101	0.0036248264999826766	0.00467068969707965
0.004118640985711455	0.005960311966917247	0.004962610140981154	0.0034548034391287353	0.005098424423152525
0.003028949251031634	0.006416738085696461	0.003250835401475277	0.0029254394709644716	0.005461448024663015
0.0031896974385866063	0.006113483069721809	0.0032220756542175777	0.003372097549879031	0.005120831458350579
0.0032278818335584212	0.0061657320531775875	0.0035982209054129135	0.003003882748000993	0.005974285953316137
0.003104806446548921	0.006189294041508378	0.002882251928648567	0.0033489431295058007	0.005362925120293523
0.0035725452492366082	0.005742564764054837	0.003219600526920859	0.003353312098876099	0.0053155780609106425
0.003433956582125398	0.005529172590497849	0.002869436223937624	0.003113482705712833	0.004982067582904912
0.003563178671628732	0.005828833747583696	0.002988379120843394	0.0033824966530865805	0.005030785291872517
0.0037500668850624966	0.005614907283078678	0.0027796790602824173	0.0033103871085416636	0.005050758473322633
0.00382650567128149	0.005953876760757293	0.0022970459897659447	0.0033158885804540888	0.004742927754016787
0.003249533727819865	0.0059573111336325745	0.002998497692601341	0.0033622584389070066	0.005246143316483251
0.003722156054409376	0.005531781472746861	0.0024194948356169904	0.003447801503531464	0.005220823867670481
0.0031460913903344307	0.006342368781604735	0.002205193768787766	0.0031408499068844966	0.005112152544262316
0.0038018685901332725	0.006690659357801731	0.0021439200767990004	0.00309448694462514	0.005296890792982353
0.003634397870005892	0.006502290925635092	0.002493572109343145	0.0030173846227807633	0.004901461639081888
0.003384796914000236	0.006442998676463157	0.0022614903642636376	0.0038102072823787943	0.005120801900172859
0.0034697950839081703	0.005971727848691329	0.0019024801252962408	0.0033939853382042	0.005208731736139871
0.0033423174025259857	0.006365586196065252	0.0022233122240101705	0.0031875514456897484	0.005269517126443134
0.0031102565796021597	0.005776814773412002	0.001839486853507779	0.003338158778522325	0.0051953396128724
0.003153336464541745	0.0060064510330367265	0.0020208195556917457	0.0031861067127884227	0.005313960425650982
0.0035515032060172815	0.0061989111761512495	0.001689089036396587	0.0030241982577859277	0.005447534372663252
0.0035588475035937014	0.005898058725297071	0.0020338334381351684	0.002725074863266152	0.004354215717738703
0.0032610769414573976	0.006277271575006226	0.0019409384901809214	0.003459814111785511	0.005744473680870519
0.00329193810139166	0.00638847396818593	0.0017807423553960712	0.002968155925133553	0.005192630831390389
0.0037611767745224295	0.006524906669983927	0.0021384840255336416	0.0036866283115675985	0.004992466069200576
0.0035882247454079486	0.0056422735121377425	0.0014918309352372578	0.0029755179362986085	0.004543081515461514
0.002919619149395058	0.005733283531085093	0.00176587285916976	0.0027934138313569414	0.005466585969338032
0.0032854481198874995	0.006450154218355863	0.0019648967077360124	0.0031033684535290303	0.004990917050501188
0.003306024761446527	0.005811427037476958	0.001778401147700427	0.0033411932513689436	0.004949184808084537
0.0031916411245799118	0.005910565809863608	0.0015479974514778579	0.002773082012410663	0.004928938803308265
0.0033617879507010402	0.00614006870695392	0.0017500942654233617	0.003309748291223764	0.005564504329834485
0.0034292168362075686	0.006384066872946596	0.0016704532496459644	0.002794636694519111	0.004795480638628121
0.0032035810515627524	0.005512437815932787	0.0018454664589270305	0.0030570198032085585	0.004847728496338806
0.0032521625127717186	0.005276452062194185	0.0018051222739074266	0.0028095923535659175	0.005462192244889677
0.0032152433729613827	0.0053672170769089814	0.00169252558454128	0.0030702914157763263	0.005469852935789565
0.0039895334158359524	0.0057818708796044576	0.0021343112010937513	0.003179057914218233	0.00528252305661845
0.0032681095392426552	0.0060732701883825175	0.0016752513425658132	0.0028931715250577403	0.006018968022730953
0.003715264988477195	0.00600855563626722	0.0018115570921155505	0.00353342712388786	0.0051022289115983215
0.0031610313258693566	0.0061847843382212215	0.00170894486107923	0.0030733852699646705	0.005340322356699674
0.003431968779786659	0.005960634830967542	0.0016582356646771318	0.0030191176168410977	0.005594887935063421
0.0032996760676507744	0.006122141335126189	0.0018040286600375377	0.003231338241978375	0.005269384204560076
0.003280115368611675	0.005238028225915325	0.0018059531431597515	0.003141209827331098	0.005352824438087015
0.0032045069255430226	0.005824923423914444	0.0017612338610365039	0.0030257022651412587	0.005626983390382637
0.003530461361984272	0.0058690815687041445	0.001701965247747748	0.003002417628722423	0.005059509743850614
