1	2	3	4	5
17.701999999999995	12.485999999999997	24.041999999999998	19.320000000000004	16.410000000000004
31.232000000000003	24.619999999999997	47.922	36.56399999999999	30.579999999999995
47.984	39.937999999999995	62.6	52.93399999999999	45.51
60.715999999999994	54.772	69.972	63.846000000000004	57.891999999999996
68.242	64.94	73.83800000000001	70.264	66.274
72.848	71.15599999999999	76.598	73.748	71.226
75.678	74.376	78.31	76.464	74.216
77.24600000000001	76.52	79.604	78.14	76.556
79.018	77.988	80.934	79.428	78.086
80.266	79.418	81.504	80.482	79.4
80.866	80.53	82.172	81.39	80.62
82.012	81.178	82.768	82.246	81.35600000000001
82.502	82.08	83.60799999999999	82.512	81.908
82.838	82.764	83.858	83.446	82.714
83.274	83.11	84.356	83.634	83.102
83.842	83.562	84.86200000000001	84.116	83.616
84.308	84.08	84.882	84.44800000000001	83.87400000000001
84.806	84.49	85.352	84.944	84.458
85.024	84.738	85.328	85.078	84.562
84.94	85.08	85.858	85.298	84.968
85.37	85.06400000000001	86.012	85.78399999999999	85.252
85.95200000000001	85.612	86.368	86.02	85.602
85.856	85.57000000000001	86.438	86.092	85.656
86.2	85.97	86.566	86.264	85.938
86.528	86.088	86.544	86.672	85.912
86.478	86.264	86.914	86.374	86.432
86.556	86.626	86.94800000000001	86.672	86.572
86.82799999999999	86.858	87.38	87.056	86.68400000000001
87.102	86.794	87.424	87.184	86.78200000000001
86.968	87.11800000000001	87.382	87.28200000000001	87.066
87.396	87.148	87.456	87.36	87.18599999999999
87.27199999999999	87.322	87.69	87.306	87.078
92.716	87.278	88.08399999999999	87.634	87.32600000000001
94.226	87.67399999999999	87.708	87.588	92.494
94.97	87.49	87.952	87.776	94.072
95.43	87.818	88.09400000000001	87.968	94.84
95.514	87.726	88.278	88.092	95.038
96.07	87.81	88.24600000000001	88.068	95.396
95.962	93.136	88.356	88.334	95.63000000000001
96.308	94.88	88.336	88.196	95.966
96.41199999999999	95.274	88.628	88.486	96.06
96.408	95.816	88.304	88.428	96.282
96.41199999999999	96.196	88.712	88.64	96.208
96.566	96.226	88.764	88.548	96.366
96.44800000000001	96.56400000000001	88.898	88.52600000000001	96.38
96.59	96.56	88.874	88.922	96.428
96.604	96.672	88.86	88.79	96.342
96.538	96.776	94.028	94.012	96.446
96.53399999999999	96.804	95.53	95.556	96.52199999999999
96.502	96.852	96.368	96.236	98.156
96.708	96.968	96.708	96.63199999999999	98.786
98.342	96.938	96.906	96.726	98.996
98.938	98.438	97.138	97.096	99.19200000000001
99.134	98.858	97.24000000000001	97.19200000000001	99.122
99.268	99.058	97.336	97.268	99.212
99.286	99.112	97.49600000000001	97.226	99.31400000000001
99.42999999999999	99.258	97.334	97.356	99.35000000000001
99.442	99.304	97.562	97.366	99.424
99.508	99.342	97.528	97.392	99.44
99.404	99.342	97.394	97.382	99.42800000000001
99.578	99.468	97.378	97.426	99.42800000000001
99.554	99.484	97.48599999999999	98.628	99.48
99.518	99.55000000000001	97.572	99.08200000000001	99.51
99.57000000000001	99.546	97.436	99.286	99.51
99.586	99.62	97.558	99.36	99.506
99.632	99.546	97.36200000000001	99.41799999999999	99.534
99.678	99.564	97.418	99.524	99.532
99.616	99.634	98.784	99.534	99.648
99.678	99.71600000000001	99.342	99.564	99.696
99.666	99.69	99.354	99.56	99.734
99.664	99.752	99.516	99.624	99.768
99.638	99.732	99.55199999999999	99.636	99.754
99.66000000000001	99.762	99.628	99.69	99.792
99.71	99.768	99.648	99.702	99.79599999999999
99.678	99.778	99.666	99.652	99.79
99.722	99.79	99.694	99.774	99.762
99.71799999999999	99.802	99.71	99.712	99.816
99.688	99.802	99.71600000000001	99.728	99.864
99.774	99.798	99.738	99.736	99.802
99.86	99.836	99.74	99.722	99.816
99.834	99.83800000000001	99.752	99.738	99.802
99.85199999999999	99.83999999999999	99.78399999999999	99.78399999999999	99.83800000000001
99.836	99.806	99.824	99.732	99.83
99.888	99.848	99.762	99.78399999999999	99.824
99.868	99.82799999999999	99.762	99.832	99.85000000000001
99.91	99.836	99.786	99.854	99.856
99.892	99.822	99.8	99.854	99.882
99.882	99.836	99.798	99.866	99.83999999999999
99.878	99.844	99.806	99.868	99.858
99.89	99.822	99.81	99.884	99.858
99.9	99.82	99.778	99.908	99.894
99.894	99.848	99.816	99.876	99.866
99.90599999999999	99.834	99.82	99.91	99.858
99.90400000000001	99.836	99.79599999999999	99.896	99.83
99.926	99.856	99.812	99.888	99.856
99.944	99.83999999999999	99.812	99.902	99.9
99.896	99.81400000000001	99.82600000000001	99.91600000000001	99.892
99.94800000000001	99.82600000000001	99.866	99.922	99.862
99.898	99.818	99.85199999999999	99.914	99.868
99.922	99.868	99.81400000000001	99.894	99.894
99.922	99.862	99.85000000000001	99.882	99.874
99.928	99.842	99.87	99.90599999999999	99.886
99.938	99.836	99.858	99.902	99.878
99.894	99.85199999999999	99.864	99.92999999999999	99.878
99.92999999999999	99.85000000000001	99.812	99.894	99.89
99.91600000000001	99.846	99.82	99.92	99.90400000000001
99.902	99.856	99.848	99.928	99.88
99.934	99.85199999999999	99.91600000000001	99.942	99.87
99.92999999999999	99.844	99.92999999999999	99.922	99.872
99.92999999999999	99.858	99.90599999999999	99.946	99.83800000000001
99.936	99.854	99.928	99.934	99.86
99.914	99.85000000000001	99.922	99.922	99.868
99.92999999999999	99.888	99.946	99.936	99.884
99.928	99.85199999999999	99.934	99.922	99.864
99.898	99.864	99.942	99.932	99.88
99.9	99.856	99.956	99.92999999999999	99.882
99.938	99.858	99.932	99.91799999999999	99.848
99.91799999999999	99.868	99.94	99.926	99.862
99.922	99.834	99.952	99.934	99.882
99.912	99.81400000000001	99.96000000000001	99.928	99.892
99.91600000000001	99.836	99.956	99.92999999999999	99.892
99.924	99.83800000000001	99.956	99.902	99.88
99.926	99.856	99.97	99.91600000000001	99.874
99.92	99.83800000000001	99.95	99.94	99.894
99.926	99.868	99.97399999999999	99.922	99.874
99.94	99.846	99.976	99.932	99.87
99.896	99.85199999999999	99.982	99.92999999999999	99.868
99.92	99.844	99.958	99.944	99.898
99.936	99.848	99.97	99.92	99.86
99.91799999999999	99.82600000000001	99.976	99.94	99.882
99.896	99.832	99.966	99.91600000000001	99.886
99.932	99.86	99.98599999999999	99.934	99.912
99.94	99.882	99.976	99.94800000000001	99.87
99.92999999999999	99.832	99.966	99.932	99.882
99.928	99.844	99.97399999999999	99.91799999999999	99.872
99.932	99.87	99.982	99.954	99.882
99.926	99.844	99.976	99.92999999999999	99.868
99.926	99.82600000000001	99.97200000000001	99.94800000000001	99.89
99.928	99.858	99.97200000000001	99.94800000000001	99.886
99.934	99.83999999999999	99.968	99.944	99.858
99.922	99.876	99.978	99.924	99.872
99.908	99.862	99.968	99.924	99.858
99.92999999999999	99.85199999999999	99.978	99.942	99.83800000000001
99.91	99.85000000000001	99.96199999999999	99.932	99.898
99.926	99.85000000000001	99.968	99.942	99.884
99.91799999999999	99.86	99.976	99.942	99.858
99.932	99.83999999999999	99.976	99.926	99.878
99.936	99.868	99.968	99.922	99.87
99.946	99.846	99.976	99.944	99.866
99.914	99.848	99.98	99.932	99.884
