1	2	3	4	5
1.6688729192289853	1.6543581775387235	1.6396480527375366	1.705295372192207	1.6482800830660562
1.2069330232222666	1.1915910208926486	1.1819203570675678	1.2429539733530615	1.19796978573665
1.0126319347745014	1.015251074148262	1.009526842695368	1.0320644182012526	1.0155844444509043
0.8933632553690832	0.9047816596982422	0.9053680308334667	0.9009562595116205	0.9085131011655567
0.8189467684082355	0.8333018685850646	0.8298179978299938	0.8179166754493326	0.8363789902318767
0.7719305983894627	0.7896919774887198	0.7793805233352941	0.7708854291140267	0.7858283696577074
0.7400964381139905	0.7509307541200873	0.7485101883063843	0.7406959448324141	0.7510216487643058
0.7150774366410496	0.7292863220509969	0.7203259411675232	0.7141766048148469	0.7257238374951556
0.6910709389640242	0.7055161243204571	0.6975240365928403	0.6943904823049565	0.7015238957636802
0.6835182812207793	0.691255962147432	0.6857248009623162	0.6763191939619805	0.685914984901848
0.6664169112129894	0.6768445764356258	0.6707768074386868	0.6651061296158136	0.6686875528996554
0.6558325459890049	0.6667275277854843	0.6620680339196148	0.6553165828785329	0.6588475140159393
0.6452430523265048	0.6573743718054594	0.6496382037087173	0.6470879323952029	0.6507482306121862
0.6346852979086851	0.6457617726472328	0.6401630519601088	0.6361093346572586	0.6369929641408992
0.627540182884392	0.6393026195828571	0.6337915658950808	0.6315310551687279	0.6331681519213229
0.623229230761223	0.630478344457534	0.6258861667207442	0.6235933897592835	0.6249810138626783
0.623800983056998	0.6295587745164061	0.6272785889218228	0.6244867232144645	0.6231384446553867
0.6090953170186115	0.6233359515819406	0.6141008659244497	0.6121044536990579	0.6114908458326784
0.6101172567938289	0.6150799088008568	0.6115593481856536	0.6098406188323373	0.6079345813492679
0.6082864117134565	0.6157844176377794	0.6061736393310226	0.5029150072266073	0.6042139643750842
0.5974182035307143	0.6055180899932248	0.5990942247840749	0.451547394018344	0.6037723560010078
0.5921622578750179	0.6020589319184005	0.5987182879996729	0.4304574677706376	0.5963488188393582
0.5902534121137749	0.6002798825883499	0.5926396778172547	0.4161690856947011	0.5913501585383554
0.5858350147676594	0.5911105289636063	0.5935742674428789	0.40506526484818706	0.5881012924339465
0.5809953239415309	0.5862287403372549	0.5798419370218313	0.39946733373205384	0.5832843795761736
0.5808513651571003	0.5895910667793826	0.5832296209719479	0.39377128430034797	0.5794687514262435
0.5764120293547741	0.5831926797357064	0.5766910090470863	0.38560559453866683	0.5766264048531232
0.5723001518670249	0.5764686103976905	0.571680683995147	0.37971871946473884	0.5677917977733079
0.568995924404515	0.5737861551134781	0.5719469685841094	0.37719858569257425	0.5720650670321096
0.5656378445265547	0.5707549596838933	0.5680737952747004	0.3741359974417236	0.5648035020627019
0.5633233952552771	0.572488172356125	0.5669496165364596	0.37341410958248644	0.5642350146075343
0.5593065216260803	0.5631242736678601	0.5622512389479388	0.3661270345873235	0.5595697197310457
0.5556350745965761	0.560318587990978	0.5575747028031304	0.3630409073036958	0.5562039085513791
0.5566578752854299	0.5634119260646495	0.5585837947285693	0.3621619062502976	0.5547728187135418
0.5518825139535964	0.5592615842971661	0.5557331012185576	0.35977375316802823	0.55220595749138
0.5496923806874648	0.552028883448647	0.5497230027642708	0.3126955323893088	0.5479114580032465
0.5515259411328894	0.5595857363832577	0.5524919340982464	0.2930829749464073	0.43817565843577266
0.5485605357400595	0.553381691579624	0.5493473040173423	0.2821190662853551	0.3911322507711931
0.5436261839726384	0.5480874613727754	0.5498751184672043	0.27342236255440894	0.370887468156912
0.547327298718646	0.5519299218264387	0.5479193186516046	0.2711970994006035	0.36231653617166193
0.5403245372692953	0.5483340486846012	0.5434553160539367	0.2628785049747627	0.350213047259909
0.5402508851359868	0.5480665168189024	0.541075007080117	0.2584357361125822	0.34142147736323775
0.5374864791055464	0.5450991847173635	0.5447946241139752	0.2523190402390099	0.33336844952667477
0.5334588578137591	0.5418064032521704	0.5389104659295143	0.2503164651448769	0.32987398877168284
0.5355957385981481	0.542899195190586	0.5397185249554226	0.24744422108773384	0.3277479498968707
0.5281039265263109	0.536815275469095	0.534746871503722	0.23891970778212834	0.31819767304850954
0.5322797153611928	0.5393207904780314	0.5393297074700862	0.23948475829018362	0.3194999154418936
0.4158571315238541	0.4257951017535863	0.4222431319296515	0.23409968500247108	0.31352347371828215
0.3705607465923289	0.37953860619488883	0.37211134290451287	0.23315990070247888	0.3121288030043892
0.35115335748323667	0.361106807923378	0.357632722696075	0.22655797088542548	0.31179215307430824
0.3371038432697509	0.3486894965934021	0.34455026735735067	0.2250895023041063	0.27582158921929567
0.32886732607851227	0.33672234560827446	0.333266545020406	0.22299504302956571	0.25346821024442256
0.32240408174979424	0.3306908894454121	0.3260279820322074	0.22167587306950712	0.24234453975544562
0.31398385305843707	0.3256716970592508	0.32118250970797757	0.2197114211671492	0.23991653368905985
0.3054197995406586	0.3178372736400961	0.311905520460795	0.21418525057528023	0.23085409437146648
0.30512358926598676	0.316653133277088	0.3124768404704528	0.2157699390293082	0.22897937516574665
0.29998236650701066	0.3102556238775055	0.307810561355118	0.1990413927589841	0.224154052184061
0.29979306726199595	0.30753892012264394	0.3065636593591223	0.197821147320673	0.22166458370588002
0.2952699990909725	0.3053197688839929	0.30352611603486873	0.19351601093778825	0.2184919795721693
0.29541470529630687	0.3056421797446279	0.29933148862608266	0.1915312453037333	0.212579569624513
0.2930034699723544	0.30137919121995904	0.2995791937917701	0.19071957912972515	0.20971093477343059
0.2944881453386052	0.3031009154017929	0.2998221649614441	0.19222229822060036	0.2095246595304336
0.2909899932496686	0.30196422540470763	0.29770827308640146	0.18663165402000811	0.20414234244305154
0.2884526210444056	0.29687529337375657	0.293792480207465	0.18553479690381003	0.20151994996668438
0.29110555106874025	0.2607555521647339	0.2979335192676701	0.18644501021146165	0.20270032288930603
0.2491799700443096	0.23635491869791111	0.2526614753638994	0.1828944874960747	0.1965145927751461
0.22802222491530205	0.23091763635273185	0.2312872876672794	0.18328223215497053	0.19321325648090112
0.2181256224051155	0.2218916028585581	0.22002578338088885	0.18196479924728193	0.1922312009593715
0.211802522068286	0.21645077018786593	0.21375420464731545	0.1814855031497645	0.19015341267332697
0.20475638941730687	0.21036553352385234	0.2080486702072957	0.17839441726655908	0.18704449886556185
0.20209484316808782	0.20803972247921299	0.2029603968953233	0.1796205689001573	0.18563444859079073
0.19712347304805772	0.20246226388170283	0.19891697995345606	0.1772410576910618	0.17517829429158166
0.19305598796785958	0.19876455010660468	0.19582080280841765	0.1775294484003732	0.1713839363297232
0.1889160316046852	0.19467089708198984	0.19083574905877224	0.17689485964186658	0.17030371969465705
0.18618489270243793	0.19318071381210358	0.1881254516980227	0.1762510639474824	0.16805337533316655
0.1821346655678566	0.18860941279269838	0.1851677079792217	0.17721753281629288	0.1670994202765967
0.17994085280105582	0.18849066947884563	0.18396382956096288	0.17681605574648687	0.1651819695520889
0.1771243273487786	0.18654734121106775	0.18002692571915013	0.17698413522347156	0.16409867670377498
0.17604859878340026	0.18544091229014967	0.171539905068972	0.1758142338727441	0.1645446640565574
0.17108625396514499	0.17375663761287685	0.167195817088837	0.17425232897024337	0.16218051855521418
0.17046827782907756	0.16931300038648073	0.16492385946957364	0.17451195738961914	0.16159203814347378
0.16716406096125497	0.16547669716122207	0.16292140217464593	0.1739417218300692	0.1612027987952123
0.16363779613581453	0.16551629714953625	0.16278313441425937	0.17488989304474864	0.15940986992910394
0.16449652175845392	0.16383854297878186	0.16196090569886412	0.17405112697492775	0.15942283986550748
0.16005931605996976	0.16322272979771096	0.16006710212630074	0.17354074966572128	0.15698516561323428
0.15296548791706108	0.1632637341156641	0.15922346326243855	0.17385240699476592	0.15809585165489662
0.1493122976111329	0.16269749835552777	0.160172354858702	0.17419343394086767	0.15836420794353456
0.14610522354731484	0.1593390279413795	0.15773409191528548	0.17156403633715855	0.15450089358155375
0.14519900998191163	0.15985429772864207	0.15676399594758794	0.17365137903053135	0.1552296426823681
0.14316406106704935	0.15804806751820755	0.1568087851604841	0.17219250902647865	0.15491177663778685
0.14266485234965456	0.15821078137668504	0.15539031085150937	0.17284072482067608	0.1547902137269754
0.1421835729876136	0.15831784099873994	0.15574159938127483	0.17439240415382873	0.15486905659022535
0.1411407240821272	0.15495150591558804	0.15239023868842494	0.17266879817637645	0.15106583161808343
0.1409238404248987	0.15615337343929364	0.15422539775023972	0.1726657299281995	0.15107039567988254
0.13774091399767813	0.15471875675194097	0.1502267595599678	0.17280783184120416	0.14930095639832486
0.13733666780812057	0.15487625632825722	0.1516829012986036	0.17230889374566505	0.14866000453910577
0.13778261285837345	0.15576111670116657	0.15219253616031192	0.17351565191812834	0.1511036593209752
0.13864014116699436	0.1561538874721893	0.15192204165031847	0.17427022219695099	0.15074063048643238
0.1361629052464005	0.153063809227608	0.14954897406918302	0.17128004972129846	0.1483478241068932
0.13447100591019287	0.15259993762311425	0.1500497140047493	0.17138916465556225	0.14825503219424005
0.13596554656925103	0.15400984896647055	0.15007649520245353	0.17319313493912183	0.1502894361877379
0.13375105129559636	0.1543661690009829	0.15033647991583488	0.1737864559225719	0.14993295460329645
0.13359220931901936	0.1517939259252889	0.14911863394557986	0.17292930317275673	0.14866262893466375
0.13373962273378187	0.15549296155914935	0.14979146712500122	0.17300186763562833	0.1490909851458676
0.1309895896736314	0.15220665699228314	0.14858300442738287	0.17314238202236512	0.14829280421785693
0.1311073697474607	0.15412065697371818	0.1501752727514948	0.17496440492932452	0.14884103266784293
0.13223946934846956	0.15336627976211453	0.15064689050168956	0.17288602135904027	0.1488144629256194
0.13002136692671515	0.1527160618387524	0.14847691776350025	0.1723757315322261	0.14842527363535088
0.1308061782737521	0.15236242134552788	0.1509872756498244	0.17334634984088382	0.1488930627970441
0.12954058136095467	0.15270801818431795	0.1481098439496802	0.17295226780578596	0.14943937738152122
0.13084704825259239	0.15552613918509944	0.15008421528064966	0.1753537818179717	0.15100438486965723
0.12985466157688827	0.15376459740464335	0.14887917268535378	0.17268681792956786	0.14966115723256881
0.13108402319119106	0.15369656150374555	0.14892528265181107	0.1735020217573857	0.14934172890985087
0.12926261098412303	0.15211777339506025	0.14702766247646293	0.17230894452775536	0.14913830816593324
0.13188319548469069	0.15526691157266018	0.15084314260565113	0.17597688214324622	0.15121717770081364
0.13143212645483734	0.15329062620468442	0.15082105531183362	0.17458578965166968	0.1501341807987072
0.12915370944896928	0.15309475998744332	0.14938096269545945	0.1746255130223606	0.14931360056714332
0.13047050633241464	0.15283933723978985	0.14905421024240806	0.17452234549976672	0.1501963574182041
0.1305921760094745	0.15410423143516722	0.15131461770866822	0.17456089139289563	0.1497462844223622
0.12795219389373985	0.15258955368605426	0.1481939558978277	0.17225280964313558	0.14794642066635436
0.1280703045751737	0.15342091191607674	0.14785233111408969	0.17233610932555654	0.14859149126750432
0.12815183109563333	0.15315698889439056	0.14893424169867855	0.17407850456207305	0.1493550185161782
0.12810527268425587	0.15359391714148526	0.1481827727097382	0.17284251637089884	0.146612598596479
0.12821184213051703	0.15301451645315156	0.14920018586661193	0.17358895980031291	0.1497821036125999
0.12757993053139938	0.15311257621211463	0.14905213204491155	0.17313805691269032	0.14857817094420545
0.12897115837201437	0.15405723151495987	0.1503967466904684	0.17494723703855133	0.15027663925343443
0.12771802272676216	0.15346790939721922	0.14827074348697877	0.1733202452168746	0.14782060532237576
0.1259978145665828	0.1510645530146102	0.14648136666135103	0.17244217325659358	0.14737030372137902
0.12784870658689146	0.15337156073745248	0.14823450573036448	0.17253956972333168	0.14815806601282266
0.12543627764562815	0.15098258065979198	0.1474455147219437	0.1723123314168752	0.14741368612746134
0.12708529521284828	0.1519691252418793	0.14798226847749246	0.17346199651432168	0.1470447628165756
0.12670299467985568	0.15240869431010914	0.1475525023534781	0.1730520203900156	0.14857926339749486
0.1267148712483207	0.15255702591841808	0.14819446623401575	0.172820968739212	0.14957988944352446
0.12814149565404048	0.15288631101627168	0.1487551530075196	0.1735368063840109	0.14910879618752645
0.12495614433913586	0.1511652347300667	0.14735856227329036	0.17108824370843367	0.14781376142102434
0.12470860329582868	0.15119204237637926	0.14726245833937157	0.1722473451472303	0.14861758823132587
0.12677345786939181	0.15264746887833258	0.14967911183605406	0.17521665523500388	0.14846603907740044
0.12624065402676088	0.15327767511386703	0.14875282701628892	0.1739639015225193	0.14828049381980518
0.12592650294456348	0.1530141750412524	0.1482814538585559	0.1733941734408782	0.14948612884106222
0.12552903114301162	0.15202559999492773	0.14785337749192176	0.17206404666842698	0.14724103620518808
0.12538837689115565	0.15077609763197275	0.1472209099575382	0.1715476337601158	0.14651992345405054
0.12538063642390246	0.15174693025438976	0.14694749539160673	0.1724486549377746	0.1494027121978647
0.12609794713042283	0.1532653410111545	0.1487215177139358	0.17378852045749452	0.14845870101772007
0.12797017547937914	0.153423135676195	0.14992336850718171	0.17461705364077276	0.14914975900326838
0.12658476678992772	0.15357672350714577	0.1491004956119201	0.1741001316920266	0.14802944448674132
0.12540164608937096	0.15259226243895344	0.1472038998628213	0.17137482737564977	0.14877382435304726
0.12458114665182655	0.15250076820402197	0.14852785404838248	0.1731488338059477	0.14892380253966803
0.12539061408518526	0.15366603737063414	0.1474892815284412	0.1730713521504341	0.1471974660292306
0.12649346773734177	0.15439263571177597	0.14949089138175525	0.1741001480413824	0.1499116369296827
0.12566462835616163	0.15406020069518658	0.14893002956724516	0.17467581164425275	0.1488456621080103
