1	2	3	4	5
1.5511054321932969	1.5345409068914944	1.519169497367976	1.594704377986585	1.5276104983161485
1.1227757310318525	1.1083481836197018	1.1026723570835868	1.1631146519995106	1.1180408238754864
0.9394327260344225	0.9462281198757685	0.942490001621149	0.960165471067209	0.943962993524264
0.8242237098381647	0.8367447031428444	0.837239001565577	0.832796937516888	0.8384082196923475
0.7582843338741974	0.7720793045085412	0.7709414776024001	0.7557941330668264	0.775063962125412
0.7117131821944589	0.729790342280932	0.7211158471491633	0.7112204821975648	0.7265835251954506
0.682101300838963	0.6925111781148351	0.6898718916089333	0.6849531480266008	0.6908378670435121
0.6589756528739736	0.6736281817526459	0.66522289237098	0.6582065878621762	0.6692431008876736
0.6366343509663093	0.6507697648099628	0.6443283208038496	0.6411966247784211	0.646997953467357
0.6279753589111827	0.6370231827049306	0.6312419929162926	0.6222748979735553	0.6311751618562156
0.6120971459561914	0.621510137606155	0.6159702596609549	0.6108882636822702	0.6140984174845475
0.5993092448815062	0.6094680096944574	0.6060873096251427	0.6013370701266679	0.6038928085275928
0.5919122598360262	0.6031372887856519	0.5980082946207822	0.5952659952061256	0.5952595088945323
0.581853463597919	0.5947494670710606	0.588482762389171	0.5850131186225528	0.5829818040666063
0.5725543390759427	0.5840424969220707	0.5811856031570286	0.5790377872069477	0.5789926151942717
0.5694703112172956	0.5788621343005348	0.5752122012703011	0.5700784558073033	0.5707096574861378
0.569199683492446	0.5741707527119176	0.5712945141908156	0.5712031697678139	0.5684295459019255
0.5567789743166144	0.5692787376206244	0.562131524543323	0.5600261120387662	0.558624601272671
0.5557197463481925	0.5617773967325841	0.5581441773173146	0.557773640850926	0.5524490286627075
0.5539257879299884	0.5610897640895359	0.55298699053657	0.41771545186829395	0.5512749640380642
0.5431199512060951	0.5527625630426275	0.5470525760327466	0.37596457907001085	0.5521188559739483
0.539177157232524	0.5490372060509897	0.5454896685412478	0.35688323243652137	0.5408327461356096
0.533065625849892	0.5435215654732924	0.5396078536120215	0.3468640053744816	0.5384172731653201
0.5340899805278725	0.5370408873576339	0.5408087701291369	0.340504677399345	0.536207230804522
0.5270333407480091	0.5320910210042353	0.5272549628601664	0.3326717651713537	0.527493197594762
0.5258501403014681	0.5356733576416052	0.5313261357109874	0.3260501043875808	0.526693465612124
0.5218311907232879	0.5280246464797598	0.5230130775810203	0.3208888718081863	0.5208493192177601
0.5192135994696561	0.5200180176578828	0.5187944464976225	0.31448705143788325	0.5142178785465562
0.5155867357235734	0.5210360415146474	0.519977113322529	0.3131149740856323	0.5201291991469188
0.5095282296847811	0.5160268428532971	0.5141453595874862	0.3116447121819573	0.5079848435528748
0.5076560849881226	0.5171339607909514	0.5149346328604857	0.3092224208442754	0.5098848020481637
0.5068696204506224	0.5091131243406963	0.5090841297298446	0.30402228110434143	0.5065077028006243
0.5001584363105657	0.5049179745147291	0.5038391738139151	0.300153945527418	0.5012755941247086
0.5013543195889125	0.5090217173404396	0.5055216001275243	0.30065011818085774	0.5008026188444297
0.49685351211396606	0.5051855691863446	0.5006118185837244	0.2980107883053358	0.4990034571389104
0.49609739548714865	0.4958841697029447	0.4968894212447163	0.22712396982761898	0.49284838502059497
0.4987311504228642	0.5087226376204236	0.5018182143835764	0.2069882406374378	0.35685567748363695
0.49094093356595925	0.49553934791508863	0.4925922352792055	0.19484621040580224	0.312532990180013
0.4919199088345403	0.4949351472927787	0.4971756741518863	0.1891458831975223	0.29649869956628755
0.4909898833850456	0.4980112738011742	0.4956462105826652	0.1849218721089461	0.2906980592652659
0.4830821378304219	0.49245462545653457	0.4884271774907855	0.17770420353087946	0.28001462372824987
0.48848561313755995	0.4940895418376876	0.4895618859764256	0.1748203365775326	0.27357654345919724
0.4834638032157096	0.4900143815733283	0.49309492560908597	0.16826070326825865	0.2636359796461548
0.47628447093317255	0.48289569389179815	0.4812536332613366	0.16731155997194602	0.26184139391192957
0.4813718695164946	0.48809522847690257	0.4876642739376447	0.16475530107841452	0.26175361044723977
0.47374265814376276	0.4838604073390324	0.48091232262151623	0.15766984561596378	0.25398739530226155
0.4764049705641959	0.48274815212125355	0.485909672039549	0.15686534989215523	0.25230652899922
0.33158079532863527	0.3408432113545018	0.33867253222124066	0.1539906365106174	0.2474627896114384
0.2906809703392142	0.29967804355999383	0.29778167106154035	0.151150140997089	0.24788983937953127
0.27456410293993694	0.2841304487660721	0.28342750401752986	0.14655731510742556	0.25077889402351716
0.26476777430690446	0.27506589920014685	0.2737210089212185	0.14877321068054566	0.19050002305785102
0.2562900704076832	0.26406156993887925	0.2636559852744303	0.14654255192488663	0.16903176772243825
0.24785876190266015	0.25908191624047516	0.258861258511653	0.14524092809166128	0.15994375559222668
0.2446042262875211	0.25438187982115285	0.2521388156677755	0.14096158563785843	0.15787921937377872
0.23754154934602648	0.24826465446092294	0.2454620381755291	0.13772129599014504	0.1467711541544447
0.2380858743587114	0.2483533386455472	0.2474858582858234	0.13970083240276712	0.14594026640667332
0.2329295431942585	0.24170649716692502	0.24201977340614095	0.11876200375806956	0.14278804143066598
0.23438873921361414	0.24290259315839513	0.24410154866745407	0.11273912555726286	0.1407404524629073
0.22759493034514025	0.2368771152956711	0.23807364286821517	0.1094104659069529	0.136805686890088
0.22988028704281643	0.24415280386005214	0.2356568820336286	0.10649185365689987	0.13136299307960672
0.22867175111609045	0.2371775803282438	0.23764542313030618	0.10546461119295071	0.13271276656624012
0.22997551453311726	0.23704414119196054	0.23497436641503486	0.10397451603427872	0.1291756848983296
0.2278999932434248	0.23677723170698747	0.23570394712259696	0.10330593298234597	0.12666694715123641
0.22061779506294926	0.23206769720748863	0.23145253904868868	0.10077922524469891	0.12230263749504339
0.22936015995338443	0.17697589188013843	0.23448531975602863	0.10211294832284486	0.1247202099760627
0.16378706817508046	0.15024919723115304	0.1698682690063097	0.09923129307720675	0.11791911653583617
0.14329286369368868	0.14522794529300198	0.14836919099054366	0.10122453387054947	0.11722700646542522
0.13356789999910632	0.1371652483368469	0.13858438797695252	0.09722413346552489	0.11730685808202805
0.13073909447511756	0.1318581605811254	0.1326648625723845	0.0993316713291819	0.11609440663700817
0.12171805343207191	0.12667299434542653	0.1285961230125878	0.09310719917726026	0.11162775683471612
0.11861553873933485	0.12448391310699142	0.12126480994741326	0.09402521477673972	0.1092682423932321
0.11698156152196866	0.12164081869375379	0.12091936654103994	0.092196241478481	0.09711004921313747
0.11179516635968555	0.11695173402767052	0.1154037965533069	0.09108590532827868	0.09018191233124882
0.1114976467455135	0.11545137743777631	0.11316231943076221	0.0914134277445276	0.08955671174732774
0.10584790290087999	0.11261692770835387	0.11026978991030116	0.09038332140887792	0.08718760992826709
0.10306392011740022	0.10815032909783871	0.10753705699349304	0.0885082394018045	0.0842940892042864
0.1016127201240234	0.10974706645550021	0.10665932544471361	0.09318448094379568	0.0868409886537
0.09923380463743761	0.10827167196880522	0.10348608341935042	0.0902230810764654	0.08540314833259646
0.09808541044516639	0.10584937280896685	0.09280723558210041	0.09191984379344889	0.08619992204410641
0.09580737027480161	0.09295846902005507	0.0881181833193734	0.08885080782729957	0.08300795027857544
0.09388129229245282	0.08967898336365401	0.08593941644748763	0.09074696672656345	0.08386705131710646
0.09090212895475382	0.08603076834012476	0.08563497414826743	0.09137935559158132	0.08378762020098282
0.09019250263605265	0.08506477730887026	0.08417096965567539	0.08945590792142821	0.07969113507443827
0.08909122441011624	0.08299482044051669	0.08177600200752462	0.08871589893537093	0.08052208567576487
0.08598536466393635	0.08342282263957476	0.08048601861080862	0.0877935180959799	0.07753516667905973
0.07717787385787196	0.08280453298364758	0.08131586313438234	0.09055638063670424	0.07836058249940041
0.07341126319202008	0.0827310866464282	0.08079983891390471	0.08947628733637694	0.07945256248650036
0.07147632582146489	0.0814095155605117	0.0794713668277501	0.087966049132902	0.07825406071017774
0.06865529787471841	0.08015850600798416	0.0777810870638818	0.09025624719307862	0.07771123132056286
0.06796552509526771	0.07781539440078805	0.07787644780238577	0.08668865444486407	0.0776777347202038
0.06663533926124468	0.07986193014037271	0.07674812288273632	0.08778491146538572	0.07580679365912509
0.06507486023027882	0.0771435351370622	0.07558240152685837	0.09045207841545722	0.07528019344905766
0.06369817009209978	0.07619752711080537	0.07410207083043839	0.08677114706838986	0.07291929678195877
0.06458943436289083	0.07449530777723887	0.07435264143988003	0.08785517222207527	0.07237055266509436
0.06233230998734836	0.07555965017384435	0.07075092725246154	0.08592081630168977	0.06997239717360959
0.06287269792555233	0.07398432547517145	0.07234261898547796	0.08704040396739453	0.07130688030625244
0.06265928825873246	0.07541971901417381	0.07474039008131109	0.0859531618826225	0.0734065413627477
0.06283138643788258	0.07547756976655222	0.07477635665394157	0.08779468295900413	0.07162002924724922
0.061869151795001916	0.07368520076584326	0.07151055347431644	0.08906188496695758	0.07172967785078543
0.061285274150921866	0.07337434645122884	0.07302765501067614	0.08703117144991976	0.06964695429824806
0.060836880089110104	0.07447567662638625	0.07370972397077417	0.08724886998343655	0.0711161458383665
0.05855037801234468	0.07586124400272388	0.07215126957315618	0.08929241486751209	0.072336135860866
0.06017082096899257	0.07148517080394505	0.07176953664673566	0.08834957010338987	0.06966534413187703
0.059567825416164906	0.07304812297510818	0.0728116730499603	0.08825020755991309	0.06980821962380195
0.057239503011374246	0.07184621149583552	0.07053666996300374	0.08941918375242092	0.06935952683848795
0.05693714670798811	0.07282141390282776	0.07198455061792111	0.09043677405589975	0.0696693611667132
0.05836327272988951	0.0745038556320893	0.07332116942805099	0.0898926497134559	0.07206637871539812
0.05812421724047809	0.07269779544161711	0.07046896558435986	0.08769843506309996	0.06999676439272781
0.05738568848565869	0.07325452819580927	0.07231651560958391	0.08862596339619984	0.07035778027475639
0.055854756570876095	0.07110855312031855	0.06794285756604912	0.08633505311006175	0.06978039274854432
0.05569784656700577	0.074368303522582	0.0725183379753014	0.08999799469204814	0.07063606072722187
0.05683684807813841	0.07332605194024112	0.07483703916525598	0.08912037770309104	0.07334701464418568
0.05630572169752381	0.07356286553851787	0.07141946451476473	0.08779353265414769	0.07118464126001536
0.05615901048092739	0.07190432742504817	0.06948326495678527	0.08721118848151567	0.0700607245783214
0.05778824808576222	0.07497797569121843	0.07292879510032552	0.08927407324828608	0.07310568843313194
0.05645096150067303	0.07396090757625799	0.07422120048833625	0.09003416760383973	0.07078539294278838
0.05458269018651279	0.07231528707363111	0.07092577595349465	0.08847953328657955	0.06927713895659626
0.05655710478706279	0.0719538577129621	0.07018013613874957	0.08916780249694424	0.0706990256695949
0.05568125716331973	0.07225899538382546	0.0714320299856346	0.08980702016207256	0.07195695476306367
0.055017023059108335	0.07106827608192966	0.06997891892786223	0.08789473033660204	0.06888202742656782
0.054564893131365866	0.07189038540701123	0.06949583260947487	0.08738648731385358	0.0682899647242273
0.05386735461271174	0.0724490658782632	0.07149265182997723	0.0881663023129754	0.0710566589022841
0.0554380268096695	0.07495864535041179	0.07150019767224934	0.08734133515668949	0.0672482198194775
0.05680931286643386	0.07310867738312161	0.0695780170009569	0.08920678705967897	0.07172450348925409
0.05510028614603039	0.07308497295126587	0.07055063974445736	0.08985415546942851	0.07248626358788032
0.05734771663975684	0.07437837533557508	0.07319254686346131	0.0917583358047716	0.07188937779220629
0.054066496841666666	0.07303520275846778	0.07026832377838196	0.08702723262236091	0.0705242923382298
0.05337776442337066	0.07176550813114554	0.06958078311951574	0.08649257857285804	0.0687096522515997
0.05388456254320992	0.07310844665807682	0.06985202692734925	0.08979381641844654	0.0686208454801527
0.05387692533604934	0.07217537361147149	0.06985054119392428	0.08744845599355296	0.0689365049762189
0.05331895846749663	0.07305192609158014	0.07046270477192473	0.08833214365269823	0.0702346470873908
0.05310102372103946	0.07226529403987447	0.06989998894426827	0.08839829872979224	0.07069312794434142
0.054434159384740284	0.0720922019608947	0.07001539703715798	0.08819250451862966	0.07003677033764479
0.05378033508501394	0.07210816783578042	0.07130600396743825	0.08803704783053652	0.0694408163504528
0.05417991120396828	0.07298158943805545	0.06863131481782557	0.08753826347229732	0.06993464070855805
0.05273789167880553	0.07161086244160865	0.0691774309853382	0.08825485818945537	0.06840283095912852
0.05410410895886478	0.0748183442484539	0.07019182779561832	0.08885133315992466	0.06920854711566891
0.05358569526477997	0.07414963796658589	0.07152877686559538	0.08999948986732134	0.06981942083334068
0.05268352639758982	0.07078040228284835	0.06935982965409303	0.08751508920355826	0.06885323518186885
0.053911352725437504	0.07178662937429862	0.07058379812466221	0.0878214887950731	0.07081295669917254
0.05352655725787053	0.07249726829550143	0.0697966248197171	0.08840009772106812	0.06717944181407508
0.053269811760624675	0.07205539901771806	0.06942811413475165	0.08671375790901499	0.07050470157485934
0.05228773415412596	0.07188363133184139	0.07028477619428315	0.08822127593600235	0.06913285518107966
0.05580168737627356	0.07468367839598897	0.07223263441030027	0.08955050310324827	0.07188828150882284
0.053114200372944426	0.0728905650136796	0.07071466341405121	0.08791962268826609	0.07069201667404841
0.05387659769152743	0.07248919613449781	0.06987435666991926	0.0872477158961241	0.07073704731624449
0.052392897493851426	0.0721591817181738	0.07172403895222312	0.08814558630709146	0.06870024967605197
0.05223674047976505	0.07224275308954134	0.06671739681183227	0.08628620724658224	0.06988389342261085
0.05453366318436536	0.07462813281227862	0.072708839321952	0.08981221563675822	0.07000299733694255
0.05326424829680899	0.07242055220143567	0.07250603672850618	0.09084687469636696	0.0691872899851683
