1	2	3	4	5
4.097004287096921	4.072100289013924	4.152844079903196	4.095178613857347	4.0606728913832715
3.7873193049917426	3.673096278492286	3.9140606023827362	3.8391634481293804	3.830409245831626
3.5450414711115306	3.496630824342067	3.904856365554186	3.6302155536048266	3.681597723036395
3.4465473050973863	3.37985410252396	3.6851632072001097	3.4609647283748703	3.454062240464346
3.3704288455904754	3.292181061238657	3.449202988828932	3.388622864168517	3.3413983948376726
3.2388350781129334	3.211497625526117	3.2989363171616395	3.253293350034831	3.2485250003483817
3.098384629706949	3.1363961757445806	3.2008810882665664	3.151580525904286	3.1639512108296777
2.9848062091944163	3.080155428575009	3.1402668502866016	3.041035498891557	3.085305795377615
2.848239435225117	3.0142340818229965	3.053637925459414	2.8914442488125385	2.977433119501389
2.718117403740787	2.902679648934578	2.9292192568584374	2.7669052420830247	2.8406023821052226
2.568840530453897	2.7650105588290166	2.7902539786027405	2.629053342099093	2.700828471962286
2.4035182741223546	2.6208061405590612	2.6716395567874525	2.4878016138563352	2.541279953353258
2.2729252826194366	2.4716414237508975	2.54229884488242	2.3707569205031094	2.394202603369341
2.1613586806521132	2.3319509789651747	2.415205837512502	2.244031656153347	2.2606714793613976
2.0425427537791583	2.194024387062812	2.284721248003903	2.1287709425906747	2.1611456445285273
1.9527761242827595	2.0812223182649032	2.1502593068444	2.0289792272509364	2.068033400846987
1.8814470962602263	2.0053734590812615	2.0478431929130942	1.9471817563991156	1.9749380374441343
1.8244059201405967	1.9249633173553315	1.964035701994994	1.867030296398668	1.9139493344997867
1.7467727594229645	1.8660078383221927	1.9028143937490425	1.805133253944163	1.8583731699963002
1.696648527773059	1.788280111794568	1.8209268554132807	1.7386259083845184	1.798942875497196
1.6444103614408143	1.7176139360787923	1.7586128176475055	1.6859723031520844	1.747366738562681
1.5857139728507215	1.6755924297838796	1.6903679626328603	1.6335180821467425	1.6945849790865062
1.5641521817567392	1.629171910942817	1.6449708184417406	1.5908312998255898	1.6693252458864323
1.5318063527953867	1.5946911585574255	1.6111815626523933	1.5651300835366146	1.6411432088637838
1.4881922931087261	1.5522785052961234	1.568042184017143	1.5073934173097416	1.5927498985309982
1.4726450625731025	1.5184893303987932	1.5273560808629405	1.484450306211199	1.5681348230157581
1.435502273087599	1.4876812355858948	1.5038374771877212	1.4562265051870924	1.5447398399820136
1.4136863137994489	1.4460227373911407	1.4715395232244413	1.4189165331879439	1.5090768379824497
1.385036734902128	1.4422431186753875	1.4572335524218423	1.422400584026258	1.504339816618938
1.36861958613201	1.4048348245572069	1.4189266422573394	1.3816729565056005	1.4560691087829818
1.3427166665086947	1.3810010850429524	1.3995078570988717	1.3671714353318123	1.4417134827497058
1.329915009591044	1.3545266894661656	1.3762522984524166	1.3576557313909337	1.419886545867336
1.3022191183907657	1.322712422329552	1.3499227354721144	1.316251163275874	1.3956187212345543
1.2811304300415274	1.3280755549061058	1.357108240224877	1.3170446321672329	1.3617136679133595
1.2620330021089423	1.2808428017460571	1.324462138268413	1.2750984482011014	1.3500050671246588
1.2557609820244264	1.2830467969179147	1.3196059316396718	1.2829821675407642	1.3383742236361211
1.2311116910102415	1.2552087781380634	1.3077860952031857	1.254962866099513	1.3101292994557592
1.2292997064639113	1.2573694121472683	1.297116548431163	1.2456327086808725	1.3007610254749955
1.2075460589661884	1.2340204183544436	1.2624687956912175	1.237787278026951	1.280974578188391
1.2088069064276565	1.221609735063145	1.2611508837768017	1.2261528786347848	1.2786713555759317
1.1881574003063908	1.2127253975795238	1.24786205802645	1.2170100108701365	1.2640299982562357
1.1845921451339914	1.201102623221825	1.2444771519120865	1.2148085270000972	1.2501923496625866
1.1730488268088324	1.192318352813623	1.2344983746202625	1.1875080949797914	1.2336911987893442
1.16794418072214	1.173278951523255	1.2244664676943597	1.187905633632017	1.2212535504783901
1.152526575995952	1.1714227488454514	1.2172025013334897	1.1712424250281586	1.2157601741503692
0.7774312146464175	1.1570393960086658	1.1996181315305283	1.1701479323056272	1.2083116645107457
0.6377948729359373	1.152649081787285	1.1880541325223695	1.166584234760732	1.1910044021752417
0.5812579916448011	1.1306457729363923	1.1776285566845728	1.1446018328472065	1.1838792647634242
0.5473155610415402	1.1230840716434982	1.1654843228812124	1.1402742354845505	1.1704223648625984
0.5131570601037572	1.1169521054443046	1.1613960989883971	1.1409753019712412	1.1798067658531426
0.49938750479902544	1.1209135295785204	1.1667156453643526	1.1398172141337886	1.1524060709135873
0.4692566554461207	1.0984849814249549	1.1617731354674523	1.1334906570157226	1.1664434376419819
0.46079358458518965	1.100072219359632	1.1392616228181482	1.1282964680267837	1.1546942950511467
0.4486902121986666	1.0904598625338815	1.1455868811023475	1.1145499658827884	1.1328278174813902
0.44610173969852684	1.0851506490488445	1.1316505947283328	0.7241055457567678	1.1408252506231775
0.41602736308562516	0.6951617482973604	1.116613166368738	0.5826718823946251	1.1266202190700847
0.41024432148860424	0.5518961317685183	1.1027235525603203	0.5296301595410525	1.1200203676612996
0.41700266666558317	0.4977968762419662	1.1150609771816096	0.4902132796693822	1.1131073546652888
0.39713954104452726	0.4623162471214121	1.102783348183242	0.46880349608100197	0.7403766826099287
0.41268663625327906	0.43234395220571614	0.7069604871224384	0.4413020946085456	0.5956158977077928
0.39730855480444693	0.39954678501401636	0.5754738740470948	0.41580212116241483	0.5289801407833487
0.3925990307209443	0.39439091945485205	0.5259526818990709	0.40358312040263283	0.4992326879683806
0.2337746829630769	0.37661664735297756	0.48032011745535613	0.4003464900413337	0.46818534938656564
0.16806379903335947	0.3610770559432554	0.44442470964728553	0.3732109904593351	0.43865547876577
0.15267294132131712	0.36309183016419394	0.4343782125078902	0.3846660275392385	0.42890004486757916
0.12899057806602549	0.352440643143289	0.4061381210934143	0.37656786361215094	0.4163485007474614
0.11893790013784043	0.33506990976783685	0.3926935230894964	0.37117602942245337	0.3977164415528582
0.10513261794967921	0.3392050755875451	0.3882188512658586	0.23370422312647715	0.3963353697742735
0.09612407548619172	0.20553219983620302	0.3744352291889339	0.17611526906946484	0.36695452140910284
0.09300427064679713	0.15241840200460688	0.3654561583332871	0.15543144369231804	0.37443588240718345
0.08509961852081574	0.1324953300954432	0.35882430265144427	0.14073333860736104	0.3622737150563267
0.08112503673729236	0.1232358170293119	0.36600802413054867	0.1289311692460763	0.23511186074845644
0.07801092218379585	0.10784060631555564	0.3582259834725028	0.11842361577235311	0.17597470770837098
0.07143106933074946	0.09474018123000862	0.3614012392960031	0.10876095363376093	0.1568047478604986
0.06644719097839323	0.08697685114659214	0.221902173924811	0.10198917593426853	0.13826983783166025
0.059378864870843866	0.08227183080601447	0.16567302825955713	0.09823891039633625	0.12830822806501274
0.05680818027075457	0.07704835208322929	0.130597643630237	0.08904480802997648	0.11359259172589807
0.05708388125105781	0.07527789220746074	0.1226229058312518	0.08595794435514478	0.11319088755289508
0.05582859804283599	0.06890184897929434	0.10766012295700453	0.0788968853956582	0.10112737826242736
0.05226552784823032	0.06340880469628128	0.10293460295212516	0.07271898273682714	0.0953871601318218
0.048337531580152596	0.06210853191738832	0.09312807247802923	0.06487855014904421	0.08880210167975447
0.047620661214602227	0.05721282445806629	0.08749210422060323	0.0565453666281335	0.08042887180131308
0.04579134495472727	0.057494170298533744	0.08235302533270143	0.055816375593445725	0.08023662169520951
0.046291671047101225	0.053822804147339566	0.08258502983621188	0.05465341239635431	0.07547298716191123
0.04268601958696941	0.050935555059386774	0.07244346452382752	0.05197117593595568	0.07462232740481901
0.044699223208412235	0.047150420481149036	0.06587766922478164	0.050655732596559165	0.0661749906875953
0.042188236860520395	0.045339171109454984	0.06706834008575094	0.0477719596416062	0.06497447817985506
0.04251725049879479	0.04211723477560648	0.06073193821333801	0.04641701528156291	0.06398967244871409
0.04149333501652794	0.0463761483718242	0.04992204505418027	0.04375408181198399	0.059400281792848675
0.043451847850668204	0.04039603539229351	0.045489280674682595	0.045873188109574276	0.05523389064687855
0.040097796662273436	0.04024714115550934	0.04706587847702357	0.044247439359219695	0.04736182690427012
0.040398288309117986	0.04086034353442337	0.04437494568754823	0.044366710762284246	0.0418008205727959
0.04405168155018167	0.04090985688095801	0.0443244230629382	0.041571128657277766	0.03871331534975643
0.039794667871022725	0.037055849306741565	0.03954679775526939	0.04122572424536458	0.03575597812269565
0.029556246531405022	0.035003917909474366	0.03806780210259007	0.03944999486093925	0.03497095683551565
0.024348713457584367	0.03664067249783145	0.03841996306971624	0.04125108284761715	0.03663358356499547
0.02147828242076295	0.038330640757874575	0.03733969848526985	0.040943439973860345	0.03480206690348533
0.022079580273403194	0.035470917212719805	0.03922490840207558	0.040444827011349244	0.03171883128127272
0.018043208164067914	0.03367364598552183	0.03546144433167514	0.03798872221033183	0.03274706992491775
0.019401588572227214	0.02491726578042215	0.035049063077538606	0.039003676183673806	0.030896619152353737
0.01783238328537162	0.023075878316042367	0.035587984992533316	0.03683155955632729	0.03196641772377247
0.01946727937201457	0.021652799650874674	0.03417728696854745	0.03723827471994624	0.03265160191994236
0.017646095691704923	0.01937975357191599	0.03484687486625446	0.03848042888376781	0.031125378338810124
0.016894391129667664	0.01861487003993623	0.03343302627303163	0.035125609639347834	0.029839005340270865
0.017767462176175752	0.018941272088155454	0.03333308357669382	0.03791857584930804	0.027420710278104755
0.014484133001188844	0.017327455670705868	0.03397813979156164	0.034828958101570606	0.028422989255311545
0.01492659980431199	0.01829218307548031	0.03402003223950766	0.03626641805986968	0.027538982999263988
0.015046654164563028	0.016285212824539253	0.03166695824368113	0.032919030883634584	0.026637609800970068
0.01508642524024662	0.016913868962045824	0.03435114269353907	0.03723031930549415	0.02887047196225244
0.0141540560800088	0.016583301469075433	0.033084160249148085	0.03466035874218357	0.026249447552373222
0.012757694301176434	0.016836215395062262	0.03223058347571259	0.03616965963144082	0.026944946146056976
0.013508880739005245	0.014819223623798814	0.03093691884863132	0.03397902348363888	0.02654407933658483
0.013236441972608471	0.014713440223463938	0.030923507613491046	0.03452733077336939	0.025635915532784184
0.013172108442427553	0.014927365731599983	0.03319445048097748	0.034930927631426224	0.02721164637834441
0.013282512580709796	0.013636202912549581	0.03454489488990942	0.03614102936901001	0.02600552459076351
0.012867994416429074	0.01560382934629308	0.033087537291326706	0.03244791330047409	0.026439321873595517
0.01322331122711909	0.015707094241313786	0.03213862609118223	0.03360528344934689	0.026086572301098884
0.013504968233862703	0.014012322951184248	0.033470982761711475	0.0343634522500999	0.02636433160882824
0.011717805220764503	0.013336746516276383	0.030860042370551687	0.03375080347593339	0.02434331689942248
0.012456780004942285	0.013329647566971132	0.03409313264169862	0.033991883147735984	0.023987772665461718
0.01319684310607156	0.013277652616403545	0.03208517247088707	0.03351632328894067	0.02568096352018872
0.012292862855544198	0.013505504808711755	0.03159922392259599	0.03444123259812061	0.02496353204585421
0.011526276794623357	0.014708413001225917	0.03372465317346609	0.03379569246376655	0.025107717521640715
0.01251394565844414	0.015855696489464267	0.033954496761517884	0.03576575812636591	0.025252432505391074
0.0116405562516682	0.012485723761955699	0.0332541932941091	0.03307697739528148	0.023542054035529794
0.010858731434623509	0.01330588403519015	0.030848965666503934	0.03280056866684127	0.023390261665442766
0.01129373508904661	0.012749496220173878	0.03017007714441541	0.03311470542483184	0.02388108021826768
0.01229208046380354	0.013632923241096492	0.03267961898248416	0.033502230933886386	0.024853529370560946
0.011957675047522898	0.013118728092510485	0.03155424852608418	0.03367802274546454	0.02515982597001961
0.011088986063794217	0.011769111534314498	0.03076201812269129	0.03346814564904388	0.02185471790215494
0.012329721348170111	0.013919672767194554	0.035240306309899536	0.035340389331840735	0.02583133554732313
0.011333478700217545	0.014009570702910422	0.03268454963227316	0.03345338342597288	0.024742043824220194
0.011135784025323022	0.011945993962640657	0.03126812441160483	0.03347776267601519	0.026240334694026684
0.010135825191225323	0.013049402274191376	0.03170033221190073	0.03357178757765463	0.024656317976056306
0.011275121804364774	0.0121686227847727	0.03143800852098028	0.0333054861890114	0.02413581397232353
0.01175847382294204	0.011601502565210881	0.030657226400335833	0.03316339287830858	0.02475281578621694
0.012411782289950211	0.013039622664907755	0.03364778235934828	0.03275650102949263	0.02458434621328297
0.012087185372959598	0.012082896043299414	0.031686639014099335	0.03396750925755013	0.023664450691062572
0.010956694894679344	0.013647092691603668	0.032556882983415705	0.035691958243901624	0.024558474005637123
0.012177054162080191	0.012559116989070059	0.032844207249581814	0.034960649280371715	0.025462039385219
0.011042897316285084	0.012372212379942746	0.03101145453294928	0.03429491918686093	0.024824246683405063
0.011539967488307431	0.01316655791193551	0.03202346537490279	0.03502768996570794	0.02324294901395938
0.011648230121604031	0.011528154702058866	0.03222269378602505	0.032388278226159035	0.024262735163983022
0.01132569281498388	0.012256181751358881	0.03200107031710902	0.03434767201542855	0.024424775265993518
0.010802519488699591	0.013178275156842204	0.032969358168086195	0.0337342954221733	0.02471716491011333
0.010216283802019095	0.011305125563272414	0.03065044704672633	0.03360432445318722	0.023146534148527652
0.010864409572939026	0.01169503995274403	0.03151418267730243	0.032676852032618255	0.02460969115930552
0.010411228737508764	0.012501771333722439	0.03265911479461561	0.03329940792173149	0.021966952811546477
0.011339252339485956	0.012283154383149685	0.03312416663108277	0.033598726102131986	0.02497264728596321
0.010943012649421487	0.011355608238420465	0.03065134688014433	0.030976117588579655	0.022923464848831
