1	2	3	4	5
3.9480816000867676	3.9656204030946665	3.8941618926689756	3.9127149600202187	3.944172912241553
3.4756538270379567	3.4705074473720066	3.387496123228538	3.4395334891346097	3.421592602644429
3.198295272524705	3.18732776849166	3.1223903848691963	3.1843688463615916	3.12795715136906
2.9452486245528506	2.9453869811104396	2.890898400865248	2.9515211649258135	2.8675627495016927
2.740003377275392	2.7433904436848033	2.6990159911572786	2.747263704114555	2.6726861780561753
2.579060300231895	2.5776232276731132	2.547033733724024	2.578337634006119	2.521239055696961
2.463516671944151	2.451993431886442	2.424532125063262	2.4548362709982006	2.408273279209575
2.35233260603512	2.347044194750775	2.3242204390523376	2.34837270880599	2.304526353431174
2.2732747558437665	2.2547977708489677	2.243121452648621	2.2597000086703884	2.230089118108724
2.204756520288376	2.1904755900887882	2.1737953265914505	2.1975908099537933	2.1641448071545684
2.1471631526947013	2.1316759671701484	2.128802080593451	2.135104463838248	2.115879650615975
2.0998939803189316	2.0744361871343733	2.076818303378952	2.0867660100502694	2.0678125677816097
2.0552055558280276	2.039082852470906	2.035997341356006	2.0456772551817077	2.0303461307759783
2.011434162364285	1.9965426120001943	1.9899576127986467	1.9982536875683319	1.990005986769789
1.978239103046525	1.966191344553857	1.9664067551303093	1.9658605799345719	1.9604190240430703
1.945493855744678	1.9321609830002653	1.9336510518627703	1.9339414097159109	1.9272089797212648
1.9162598637973567	1.9086058313584393	1.909911158444631	1.9101535685531936	1.8960058853754294
1.9001237992435467	1.8938411760818008	1.8880104896662484	1.8872366640573877	1.8845960712798722
1.8636214681293641	1.862237917797645	1.861235938718556	1.8599065103189414	1.8577430842782527
1.8560373222126674	1.8447131534366652	1.8434725204087283	1.8476348023890241	1.8493644544840473
1.8282772512996894	1.8257648066791436	1.8258715285669502	1.8188748335289515	1.8230169718832612
1.8111362018243726	1.813124617042444	1.8032005077127915	1.8082405301311135	1.8099490959016253
1.8061604755918694	1.7916436106957427	1.794495009705233	1.795635948705551	1.7952256333797476
1.7913978490073366	1.779757899091677	1.7852843231557278	1.7731435027573723	1.7855988490916883
1.767711718064135	1.759712424424603	1.7593147812596972	1.7624271269649487	1.7577260049712626
1.7551414777555725	1.749370520681981	1.749688124717653	1.7515281420534528	1.753473733697095
1.7541537726931555	1.7431087374992082	1.745697331855365	1.7433027943686754	1.7478090299059985
1.7353668822656794	1.7260776843561227	1.727935418143601	1.7293213020505198	1.727184225531186
1.7173527302339548	1.7092025033043456	1.7130904313548456	1.7107126386574167	1.7092187075358836
1.7092484671746364	1.7059085762409314	1.7079439812609003	1.7079319953918461	1.7081896118495774
1.7012593115077295	1.6885323423863683	1.7006628946270173	1.6973095510316938	1.6898523587400045
1.6889570161814582	1.686621250398934	1.6989372127196367	1.690493927587329	1.6880080681627685
1.6843099325819089	1.675905108756727	1.6864652264758453	1.6751032656111071	1.6789405278842473
1.6863197103485725	1.6708466729239737	1.683599157711429	1.672237988628085	1.6745898626039706
1.6745931699757686	1.6709058257320046	1.6718028268545784	1.670871183085624	1.6690424098383125
1.6716623656889966	1.6613194430270775	1.6680029831883856	1.6644149317460897	1.651105760918249
1.6585212293488283	1.6511997176558175	1.6588101993741289	1.6564981251421493	1.6551266744008764
1.6585388775066954	1.6458812647158527	1.652457958597053	1.6499196318409333	1.6501322993841918
1.6462542336920036	1.6370041571614684	1.6402883615030337	1.6386076705839934	1.6345006175663161
1.6464598983754881	1.3919858621514358	1.6422474497114607	1.6356776605176802	1.6341512172728245
1.638270525066444	1.22525398688548	1.6220437196819368	1.633389394606471	1.6259192609421134
1.6425289348568142	1.1517406484050225	1.626943176054893	1.6283733741096835	1.6312524281499339
1.6313210219678376	1.09659071255218	1.6217542185502904	1.61541153646796	1.6163349840647112
1.6162230090412033	1.053209116696702	1.608564130180632	1.6052190620271138	1.609677805924964
1.6210419326791985	1.022908717012771	1.6074974588725883	1.6122445971764565	1.608866410792027
1.602378576003072	0.9889618277244855	1.6046322221341351	1.6038918772621835	1.6021357841808783
1.6079797400233076	0.9665578297336995	1.6069252951370794	1.603540236992604	1.6042724091683513
1.59824642897262	0.946620171332298	1.600998296457179	1.5957109861056835	1.5967499526870215
1.5879155074239077	0.9320858820624977	1.5981629714941417	1.5904776196345651	1.593389640683714
1.5855526671080318	0.9077231172100665	1.5863582465959627	1.583683775513982	1.3477936309316882
1.5841120661372117	0.8954381784209812	1.5884125290624318	1.5908597665064774	1.1869045893859373
1.5726790492187077	0.8829487868587078	1.5789835684744595	1.3553858254571705	1.1052997837895935
1.5794976510660117	0.8643492957210295	1.580109793816684	1.1831854100117585	1.0516705958129788
1.5667973299465523	0.7596878220358163	1.5784688532504898	1.1057381453111657	1.0081261945197653
1.577480496652901	0.6974742752511784	1.5760924843571062	1.0504220760691807	0.9723409609416566
1.3448784936724427	0.6642234352086206	1.3329120069513538	1.0093774449489925	0.9484829029158858
1.167211306369518	0.640523845887246	1.1689704851726126	0.9766925047425657	0.9235023642744857
1.0894548299977238	0.615142304802795	1.0874458028532363	0.9493924397641742	0.9080867383181288
1.0310937870493941	0.5960436792629761	1.033343292715606	0.9248498335213919	0.8905008522141011
0.9934047048963853	0.5761643725130566	0.9860843430699595	0.9038786648789329	0.8711769937554282
0.9574019308285331	0.5591048075414986	0.9609818046964956	0.890663611919374	0.8600005243745306
0.92954514672994	0.5404525672840645	0.9282894373854716	0.8702955332863356	0.8434164367063577
0.9069370185322774	0.5282481979683542	0.9042592088279818	0.8586989475028283	0.7454919755611276
0.8848301463419832	0.5090763962177363	0.879700951259155	0.8454113684956672	0.6914942724930353
0.8648052747597169	0.498679127153533	0.8636606454544359	0.8383019583304515	0.6582495934518093
0.8536948500691772	0.4806019624175925	0.8511912148931755	0.8251142250302509	0.635334831750606
0.8373819946328084	0.46563910111746826	0.8322697823004956	0.7264781501287082	0.6117385323242766
0.8301099124162089	0.45474631867140436	0.8199502225117303	0.6665675244520384	0.5952135055418827
0.8144796236091869	0.444748365284537	0.812094258377924	0.6342011825050542	0.5781964908170576
0.7186899651651795	0.434835050569471	0.8090782071013584	0.6068878028246443	0.5625437427207326
0.6602745251277525	0.4011875904734485	0.7025636533642052	0.5874549725933756	0.5481735751452039
0.6302206510168207	0.3902558146992607	0.6416050791740417	0.5668750700285979	0.5324662022883325
0.602579726739917	0.3847649740745952	0.6131206406351852	0.5475573183020663	0.5162962548568123
0.583403366072404	0.3800321350164733	0.5876665284566562	0.5341431895637759	0.5089851618575324
0.562011403881985	0.37426914514787984	0.5662181120546886	0.517733112168129	0.4946924773476011
0.5466403266048195	0.3681315640964165	0.5469761070845377	0.503296795251119	0.47717985670889745
0.5306822096600249	0.36354753916220894	0.531581602895351	0.4918691778122006	0.4692653940461788
0.5221452379165711	0.36386872195374315	0.5153681845463755	0.4802692235278353	0.46046219823305573
0.5043351817923744	0.35737456293667036	0.5019315977383149	0.4639323781365936	0.44506046602793065
0.4878007984527237	0.35258532828077344	0.4843982764522132	0.4360198255085274	0.414876856462425
0.47882717108482575	0.3486531075766631	0.47387475331726	0.43015356693426365	0.40383833075118497
0.4635764970194042	0.3442719640862911	0.4620869870076094	0.4216266954341512	0.39792384050996116
0.4410270438017443	0.34276492786986734	0.43797315813391396	0.41856156613515755	0.3930393885773463
0.4293175005851803	0.34216924789159203	0.431239633304079	0.4169157499547502	0.3909173199282888
0.4219935223879412	0.34035952446405826	0.4195571828376298	0.40690797125287087	0.3847465121075317
0.4172950502094403	0.3405504797959271	0.4164997253119183	0.4054362118396615	0.3811304025790272
0.41311935771761665	0.3402302559760525	0.41619473467092716	0.4021611270087457	0.37630460801941673
0.41216033788593204	0.3363450863553436	0.4090402220063808	0.3968177327262168	0.37765364916733163
0.4060400856272948	0.33639882962264683	0.40500504670240695	0.395349065704114	0.37110473280367656
0.4038865671438332	0.33846461239373293	0.4041845042382358	0.3955692263210523	0.37295209263901574
0.39687408579280037	0.3348449119140425	0.40011247824829865	0.38536279379864175	0.363247652226092
0.39638019720916556	0.33720320634677303	0.3971689208541685	0.3876460575691577	0.3636521123864155
0.3904368486398325	0.3334581512776787	0.39344515527605683	0.3838454069917464	0.3584394246111135
0.38742952471803865	0.33343097594235555	0.38886457209087066	0.3858896381867209	0.3590952672464465
0.38597008105739017	0.33327901824508466	0.3879296896250353	0.38607960222932064	0.35808452605591407
0.3868554259657555	0.3342813650131834	0.3867887408303483	0.38489704508610667	0.3612388421202557
0.3868818927908796	0.33240343249209997	0.38858800821597017	0.3822011279937862	0.35802599848688715
0.38348274089186385	0.3331378476165443	0.38568029013436145	0.3787129051087762	0.3555046008980792
0.3840804064212859	0.3341325848837339	0.3837770131390418	0.38195303112954415	0.3575336007053589
0.38293112860158857	0.3334395223490117	0.3827456052955763	0.3793449770001805	0.35450246556640597
0.3823916761923931	0.33113502613876145	0.3815865732367386	0.3785603570053951	0.3537514694130327
0.38303467814269904	0.3332292390296525	0.38252966292678847	0.37951882301694	0.3527125013834986
0.3809669382889251	0.3309210462262257	0.38381870491120484	0.3773361663989093	0.35198362007775275
0.3789368333947628	0.33158677778280626	0.38233073387304517	0.37962227442380386	0.35268557429923414
0.3785087591241994	0.3318003172917132	0.38085112463482795	0.3789970622495617	0.35242069041942403
0.3781382540607698	0.3346524187899614	0.3826962128624584	0.37816774738414216	0.35260627858931454
0.37935723284321354	0.3318091040986886	0.38107840796870657	0.37758394991955174	0.35299195398759964
0.37947779848142665	0.33106572354388697	0.37903111978717474	0.3753655012458792	0.3521947229990875
0.3799313083481607	0.33314575807517743	0.3803405097835816	0.3764939145816254	0.3517943993401345
0.377454125858329	0.33102546091122403	0.3808124893918979	0.3773393029599545	0.35183848051921196
0.3772062182121571	0.33207810279505956	0.38036715740438015	0.3758747608917752	0.3491277404682106
0.38101279941361266	0.33283874080004283	0.381862754407136	0.3792365960147983	0.3542439997424863
0.3789284508246596	0.3314804475173317	0.3815009735734259	0.37467023478749456	0.35089900537067664
0.3790000734274347	0.33164925617939955	0.37956599628224114	0.3750231562520537	0.35196676099544283
0.38145092945269604	0.3331076451350966	0.3807595199941063	0.37786070274574973	0.35259693967716776
0.3781736027782834	0.33168762476395447	0.37898940129963027	0.3789844579632628	0.35343171095909054
0.37763054905187715	0.330568521757565	0.37774706618560205	0.37458871358343393	0.3513193577146896
0.3794895893777423	0.3318165712954135	0.37890632515368217	0.37752177777802554	0.3513860904499696
0.3757352470741857	0.3305504335771739	0.3766076024383533	0.37582024192566194	0.3525633595483686
0.3748175578806404	0.3306646669840875	0.3786936509029942	0.375712880393123	0.3527417969901846
0.37715874074974926	0.33145129276663454	0.3799476445940755	0.37746653761095394	0.3498755976976945
0.3787603150395786	0.33042443057765125	0.37675663462990067	0.37547661550819417	0.34994353323488914
0.37496673252881335	0.33069398804851197	0.37796195495464024	0.3729474458014574	0.3486323570427688
0.37574167987879586	0.3303590806777518	0.3800011996722892	0.3769054454763223	0.3504723464817645
0.37655247949883125	0.33045439140113725	0.37600529811266464	0.37722249035640143	0.35146153925934687
0.37784166363499055	0.3342167115043798	0.37806856517901527	0.3770655799857185	0.353657526280874
0.37636092129875676	0.3323755779153552	0.3741705775108484	0.37749560348822936	0.3491385138172019
0.37347631038302354	0.3319711296073615	0.3765151775858897	0.37567612677431494	0.3498570356908661
0.3789982159271873	0.3307314404212604	0.3788730997563627	0.3751860310506945	0.3535171588668436
0.37607082145293363	0.3302876224450747	0.3780897259712222	0.3755383541059615	0.35030159643848835
0.37728407613151804	0.3324794108071901	0.3761136101182468	0.3769942804828019	0.3513730988478112
0.3773892747471706	0.3321395690941139	0.3788171028694532	0.3768476284373446	0.3533223605979129
0.3769214931503891	0.3316893024212866	0.3786819696121509	0.37489529720047876	0.35155534751884787
0.376139107758127	0.33234016711602116	0.37777451580137844	0.37644039075392877	0.35301378460796284
0.37685012794516565	0.331559235635011	0.3755422491399226	0.3741625824090465	0.3505534942802567
0.37799136512114845	0.3322669359500452	0.3773424678370166	0.3743604827872322	0.3468603108773756
0.3792816277812507	0.3318180625167344	0.3773627506802456	0.37790662934408176	0.35287924431016676
0.37653487996981866	0.33049355561623495	0.37673837045574415	0.37542610156261735	0.3518730172187167
0.37731108176128947	0.33264721495568594	0.37802100806589906	0.3752033490963911	0.35218273655837773
0.37589102236511124	0.3316925027028983	0.3772917408162678	0.3765918005762805	0.3513757669178726
0.37645879006751687	0.33112767388296244	0.3755148134725479	0.3747562354101855	0.35202688062587334
0.37612187870018327	0.3287485419103252	0.37587901187674794	0.37401900046011977	0.35206538869444365
0.3791952317632983	0.33125628313749994	0.37719504973467666	0.375102088426995	0.3519803889267282
0.37685451605130943	0.33145608918746106	0.3772257811120707	0.37487243035870105	0.3505821063771579
0.3782600987597804	0.33220472908995613	0.37829005855428594	0.3787530104979833	0.35241034188691295
0.37597884134868165	0.330067626465007	0.37669962941838037	0.37611853603816736	0.34785971590472625
0.377480899510176	0.3310941282440631	0.3770913714185703	0.3736716656352553	0.35120661911147333
0.37807429042618595	0.3336929878996462	0.3755685003364788	0.37689932601531173	0.3536249073341375
0.3774101189945056	0.33293746053562767	0.37818950311759536	0.3749775948274471	0.35177444074007574
0.37544787391219886	0.3284044106064549	0.3783272193063556	0.3752227003312173	0.3527053743219737
