1	2	3	4	5
7.918000000000003	7.555999999999996	8.709999999999996	8.174000000000003	7.872000000000002
15.154	15.556000000000003	16.727999999999998	15.503999999999996	15.927999999999997
21.043999999999997	21.272000000000002	22.4	20.755999999999997	22.024
26.176	25.871999999999996	27.136000000000003	25.795999999999996	27.280000000000005
30.022000000000006	30.03	31.042	30.025999999999996	31.398000000000003
33.422	33.587999999999994	34.14	33.59799999999999	34.577999999999996
36.41	36.334	37.05199999999999	36.385999999999996	37.33
38.815999999999995	38.885999999999996	39.352	38.67	39.522
40.498	40.784	41.035999999999994	40.53600000000001	41.11
41.862	42.379999999999995	42.888000000000005	41.978	42.74
43.598000000000006	43.742000000000004	44.162	43.788000000000004	44.032000000000004
44.374	44.886	44.906	44.74	45.182
45.587999999999994	45.757999999999996	45.97599999999999	45.786	45.984
46.56400000000001	46.658	46.821999999999996	46.904	46.955999999999996
47.306000000000004	47.714	47.760000000000005	47.716	47.760000000000005
48.166	48.64000000000001	48.448	48.358000000000004	48.86200000000001
48.998	49.156	48.94199999999999	49.292	49.36000000000001
49.208	49.26199999999999	49.722	49.562	49.724000000000004
50.086000000000006	50.498	50.208000000000006	50.306000000000004	50.278
50.576	50.798	50.937999999999995	50.598	50.327999999999996
51.122	51.03	51.064	51.459999999999994	51.054
51.434000000000005	51.312000000000005	51.580000000000005	51.43	51.669999999999995
51.44	51.96000000000001	51.80199999999999	51.605999999999995	51.839999999999996
51.879999999999995	52.01	51.946000000000005	52.166000000000004	52.054
52.668000000000006	52.852	52.727999999999994	52.744	52.82800000000001
52.733999999999995	53.102000000000004	53.018	52.77	52.81
52.886	53.432	53.21	53.096	53.062
53.367999999999995	53.55	53.757999999999996	53.45599999999999	53.21199999999999
53.796	54.035999999999994	53.748	54.17799999999999	54.147999999999996
54.28200000000001	54.164	54.348	53.87	54.102000000000004
54.04599999999999	54.554	54.236	54.303999999999995	54.65800000000001
54.686	54.752	54.226	54.492000000000004	54.47
54.903999999999996	54.966	54.681999999999995	54.913999999999994	54.903999999999996
54.386	55.064	54.332	54.912000000000006	54.964
55.071999999999996	54.858000000000004	55.082	54.762	55.092000000000006
54.980000000000004	55.382	55.279999999999994	54.93600000000001	55.26800000000001
55.306	55.577999999999996	55.396	55.282	55.444
55.400000000000006	55.635999999999996	55.752	55.769999999999996	55.544
55.726	56.02199999999999	56.092	56.001999999999995	55.922000000000004
55.406	66.098	55.928	56.034000000000006	55.913999999999994
55.81	70.02999999999999	56.45	55.886	56.12200000000001
55.564	71.364	56.11999999999999	56.044000000000004	55.912000000000006
56.343999999999994	72.64200000000001	56.15	56.472	56.602
56.37799999999999	73.56	56.62400000000001	56.580000000000005	56.46
56.35600000000001	74.578	56.72200000000001	56.74600000000001	56.769999999999996
56.64	75.276	56.42400000000001	56.403999999999996	56.894
56.664	76.068	56.757999999999996	56.967999999999996	56.696000000000005
57.142	76.22800000000001	56.818000000000005	57.116	56.95
57.204	76.634	56.732000000000006	56.916	57.194
57.052	77.084	57.228	57.37799999999999	67.404
57.312000000000005	77.348	57.14399999999999	56.898	71.164
57.584	77.72200000000001	57.48599999999999	67.396	72.95400000000001
57.44199999999999	78.35	57.428000000000004	71.248	74.312
57.606	84.478	57.068000000000005	72.974	75.118
57.538	87.144	57.465999999999994	74.056	76.048
68.00399999999999	88.31	68.13199999999999	75.172	76.812
71.652	88.858	71.97200000000001	75.74600000000001	77.17
73.44999999999999	89.542	73.798	76.402	77.628
74.59599999999999	90.08	74.836	77.178	77.94
75.708	90.812	76.24	77.656	78.202
76.336	90.956	76.654	77.694	78.59
77.244	91.58800000000001	77.542	78.43	79.154
77.64800000000001	91.94200000000001	78.196	78.522	85.032
78.324	92.31	78.78399999999999	79.038	87.30799999999999
78.658	92.774	78.886	78.86	88.282
79.25800000000001	93.05600000000001	79.24	79.34400000000001	89.24
79.39	93.47999999999999	79.888	85.414	89.86800000000001
79.32000000000001	93.574	79.86999999999999	88.006	90.294
79.788	93.704	80.0	89.074	90.85
85.634	94.114	79.948	89.838	91.108
88.098	95.314	86.17399999999999	90.522	91.402
89.164	95.604	88.856	90.876	92.014
89.996	95.86200000000001	89.91	91.334	92.378
90.30799999999999	96.00800000000001	90.644	91.92	92.692
90.874	96.04	91.074	92.212	92.9
91.276	96.312	91.768	92.372	92.99
91.94	96.28	92.046	92.80199999999999	93.412
92.25	96.404	92.49199999999999	93.22	93.69800000000001
92.60199999999999	96.58	93.0	93.636	93.938
92.92200000000001	96.63000000000001	93.14	94.526	95.038
93.128	96.69	93.55799999999999	94.922	95.474
93.63	96.86	93.882	95.002	95.712
94.438	96.72800000000001	94.82000000000001	95.114	95.818
94.77799999999999	96.88	94.96	95.16	95.858
95.11800000000001	96.964	95.586	95.538	95.918
95.23	97.014	95.49600000000001	95.526	96.13000000000001
95.178	96.954	95.48	95.6	96.314
95.282	97.15599999999999	95.622	95.734	96.17599999999999
95.53	97.016	95.768	95.786	96.26400000000001
95.452	96.92	95.776	95.754	96.222
95.542	97.114	95.786	96.148	96.572
95.714	97.07000000000001	95.894	95.994	96.554
95.85000000000001	97.212	95.982	96.012	96.612
96.036	97.16799999999999	96.15599999999999	96.05799999999999	96.714
95.93199999999999	97.08600000000001	95.982	96.138	96.722
95.918	97.068	96.04599999999999	96.07600000000001	96.574
96.102	96.966	96.092	96.148	96.636
96.038	97.066	96.208	96.286	96.776
96.048	97.138	96.15	96.066	96.64200000000001
95.988	97.15	96.232	96.186	96.75
96.162	97.04599999999999	96.30199999999999	96.02	96.82
96.092	97.15599999999999	96.28999999999999	96.148	96.714
96.09	97.052	96.104	96.14	96.828
96.182	97.076	96.318	96.236	96.89
96.174	97.152	96.37400000000001	96.224	96.814
96.078	97.066	96.30199999999999	96.142	96.762
96.044	97.076	96.482	96.23	96.978
96.136	97.11800000000001	96.352	96.16799999999999	96.81
96.226	97.048	96.344	96.206	96.904
96.26400000000001	97.064	96.324	96.352	96.78999999999999
96.28999999999999	97.13000000000001	96.422	96.28	96.816
96.21	97.07000000000001	96.114	96.158	96.76
96.274	97.174	96.328	96.25399999999999	96.872
96.086	97.07000000000001	96.282	96.372	96.77799999999999
96.018	97.122	96.36	96.33	96.89
96.126	97.08200000000001	96.422	96.25	96.87400000000001
96.068	97.268	96.422	96.32000000000001	96.8
96.152	97.062	96.38799999999999	96.298	96.848
96.316	97.054	96.438	96.276	96.786
96.234	97.138	96.364	96.244	96.89999999999999
96.232	97.208	96.408	96.196	96.86
96.26400000000001	97.244	96.45	96.348	96.804
96.244	97.21600000000001	96.296	96.396	97.0
96.32000000000001	97.212	96.384	96.38	96.926
96.28	97.026	96.44800000000001	96.384	96.89
96.19	97.088	96.352	96.14	96.88600000000001
96.294	97.152	96.422	96.236	96.896
96.22800000000001	97.072	96.382	96.37599999999999	96.852
96.222	97.054	96.342	96.364	96.804
96.208	97.264	96.39	96.294	96.80199999999999
96.276	97.026	96.41199999999999	96.296	96.818
96.242	97.112	96.506	96.32000000000001	96.84
96.256	97.14	96.296	96.366	96.808
96.222	97.14	96.298	96.38600000000001	96.788
96.22	97.11999999999999	96.378	96.34	96.738
96.108	97.012	96.384	96.316	96.844
96.15599999999999	97.248	96.44	96.178	96.77
96.238	97.208	96.462	96.324	96.806
96.26	97.11999999999999	96.31	96.23	96.82600000000001
96.33	97.206	96.25399999999999	96.276	96.938
96.21600000000001	97.14	96.468	96.306	96.818
96.296	97.19200000000001	96.348	96.37400000000001	96.85000000000001
96.114	97.09400000000001	96.384	96.298	96.724
96.196	97.194	96.43	96.5	96.86
96.084	97.14	96.202	96.042	96.782
96.288	97.214	96.356	96.41	96.944
96.154	97.20400000000001	96.47200000000001	96.382	96.808
96.21600000000001	97.066	96.39999999999999	96.246	96.73
96.224	97.116	96.35000000000001	96.256	96.808
96.306	97.138	96.326	96.212	96.828
