1	2	3	4	5
1.7189779104784009	1.7153438674214554	1.714541212067274	1.706016165216256	1.7070534025006876
1.3381445203595763	1.3282087846180364	1.363024984784139	1.3104740036722957	1.3225496934198036
1.1693286776847545	1.166126939951611	1.2070000814964696	1.1492390291160328	1.172993369114674
1.0698630107028408	1.0623754253777693	1.110059072751829	1.050698210821127	1.0748026445698553
0.9960859465172217	0.9941827621301423	1.0210017017696214	0.9783065099545457	0.9939875174361428
0.9443946459409223	0.9424536536111859	0.9626113148906348	0.9318667238630605	0.9445330337490268
0.9055868871986406	0.9010297938076127	0.9221628678729167	0.9016068591486155	0.9066657463607891
0.8699644317712322	0.8688304814536247	0.885345963718336	0.8628502311304099	0.8721470026408928
0.8443753231516885	0.847296485510629	0.8642233165023889	0.8374006691796095	0.8453351419295192
0.8289171464912731	0.8328525309672442	0.8454071758958083	0.8207756404376702	0.8268829305153672
0.8169951914521433	0.8147140509637116	0.8312453293739372	0.807808179684612	0.8142289744923481
0.8076458329434903	0.8112468413074911	0.8191788867306531	0.7992020636568292	0.8081652194337783
0.7992678639833888	0.798185198813143	0.8142096660935967	0.7891363980215229	0.7947195910126963
0.7915471107758523	0.789405991049374	0.8018268906246974	0.7829652565824403	0.7883784766392328
0.7830215555322744	0.7859214887289742	0.7933592122534048	0.7782271880932776	0.7824893046522995
0.7787400218836791	0.7805043314119132	0.7844857649729988	0.7702651866866497	0.7751878352116435
0.7786313424939704	0.7780825372242258	0.7843982456895094	0.7730043068566286	0.7770291774169259
0.7646545793699178	0.7693677825086247	0.7768703328678976	0.7602458692267726	0.7686929580805552
0.767682921093748	0.6773128445496037	0.7759952209794617	0.7619996136411672	0.7673162933810596
0.7617529450779986	0.6343381388108132	0.771403090728213	0.7579279583128516	0.7629958426251127
0.7552831369592707	0.6196402475961944	0.7671404691303483	0.7513470337214063	0.7590842361340437
0.7517785620506466	0.6096791590723541	0.7574087128309949	0.7469319088379742	0.7504973131067613
0.7491971667465345	0.6011502405109307	0.7568936596441143	0.6518398043139817	0.7506285632967641
0.7438366626534624	0.5966904089426444	0.7510081419859391	0.6064161764996134	0.7449873351989795
0.7395417832047734	0.5908089504979761	0.7494824438753636	0.590162369753698	0.7418038680425386
0.741527610270263	0.5865764287883978	0.7478607364017946	0.5815313616219686	0.7415947580276553
0.7340234478416344	0.5834241871486238	0.7438855564502806	0.5742414147805066	0.736960092468944
0.7325967820099251	0.5782924174805123	0.7409651104141689	0.5685382300935433	0.732883954596946
0.730198660622472	0.5736633679446055	0.7377015344627063	0.5644105707135654	0.630542189873698
0.7280842303619972	0.5730186673381444	0.731655202405837	0.5582006507364989	0.5902160230042689
0.725212011953144	0.5724446369558954	0.7325809722971123	0.5597908393196434	0.5805089789278367
0.7244742367883472	0.5689773405604349	0.7324195955415512	0.5547232181977124	0.5686166309334743
0.7195479842403053	0.5687119207723673	0.7268370199386425	0.550770679626928	0.5607773417706992
0.7201273695892081	0.5655149379197288	0.7281588556821388	0.5485315950935152	0.5541533396372099
0.7163478924185417	0.5650183864109356	0.7208073349560005	0.5473337449381106	0.5491137461894006
0.7122315874185096	0.5616489020759793	0.7183778947576539	0.5459297859607756	0.5468160632016402
0.7130228273399045	0.5613017004469172	0.7173269817896202	0.5441210641885355	0.5452669951159628
0.7086952481123486	0.5615117347148981	0.7190972205318151	0.5430475819446239	0.5440102071713304
0.7045917434765557	0.5587792915608879	0.7153792928551772	0.5408542381832969	0.5408540390946369
0.7088658480388126	0.5590803396061557	0.7175281776491637	0.5435475874739837	0.5403155886456186
0.7078517183013587	0.5561019445929072	0.7124831568249659	0.5418926857011703	0.5350245422566947
0.7029194510196487	0.5538075222536115	0.7099848034436742	0.5379871524813227	0.5333345720682605
0.7021325209256637	0.5545521950172952	0.7083055491337695	0.5375208417930262	0.5337148326284751
0.6995384860831447	0.5540488959120978	0.7084190086330601	0.5386930205632955	0.5360831482636045
0.7005609429400897	0.5549560938497342	0.7056079240101382	0.5391334555185667	0.5345837163650778
0.6940232875097133	0.547008324919454	0.5955670988163374	0.5324497152015065	0.5259286543292458
0.6937121883072827	0.5478531364589698	0.5660877428243842	0.49187586511797304	0.489193538723089
0.5889940222968227	0.5464614388125636	0.5494721167532689	0.47002307937273274	0.4717437352823174
0.5533631941699005	0.5487169284954704	0.5395652045831653	0.4623012407051632	0.4666058737451158
0.5382216036929507	0.5450571888243146	0.5317008383286278	0.4563444679807827	0.45904428734803737
0.530934869404644	0.5469553851715437	0.5282815440993784	0.45435384243650534	0.4548065062526546
0.5262703871178199	0.5460631731526018	0.5247978642011244	0.44907657409567936	0.45513011945787896
0.5167981808447774	0.4954876392851093	0.5216665828167015	0.4454425278374609	0.44993267042557594
0.5158423014613982	0.4760865409051061	0.5187732870011683	0.4427312804609917	0.44902670505406633
0.5100193674607044	0.4641047015671841	0.5163527659290588	0.44089081715744777	0.4431511398471529
0.5092324880535346	0.4623925665302959	0.5159351753304376	0.4394417446287693	0.44312170711929544
0.5053242985397347	0.45278987799154197	0.5147085357505036	0.43625380826728094	0.4387559979163169
0.5041891908096845	0.4515832290625023	0.5120162507304752	0.4347856706365598	0.44036601601964054
0.5028643244520171	0.44877426772166373	0.5112819514616068	0.43086926650513163	0.4381180107593535
0.4972854446419666	0.4447284664034539	0.5084848381826649	0.42925216894015633	0.43759481140109907
0.4981395165481225	0.4426296146781853	0.5099003038290515	0.4287389782078737	0.4341106644981656
0.49539033881843547	0.440703916275288	0.510084992631927	0.427774886341046	0.43274464646873567
0.4957936539521911	0.4376127052185179	0.5066643516578337	0.4252026279259219	0.42796769006477897
0.49601828594646796	0.4345080681011802	0.5091928793188863	0.4229995057253579	0.41992600601347513
0.49651429140964165	0.4352943016135175	0.5067004607918929	0.4239585590179619	0.41928274460765713
0.49362661527550733	0.4316912717983849	0.5057851115760903	0.4171946821615212	0.41359008402775616
0.4958967326394738	0.431216357232969	0.5075963664695126	0.41845142574566374	0.414014141882777
0.49204044992966417	0.42798558182423657	0.5053432320085024	0.4158479072858609	0.4112892263685652
0.4951793011039723	0.42698560239713834	0.5033322743442664	0.41338275978937167	0.4108761175514181
0.4922630086426843	0.4254070088229214	0.5033325700808674	0.4147379782498646	0.4086763527234802
0.494316980814385	0.42455243210658367	0.5043288318397443	0.40122116313261164	0.407817378449623
0.49134725324638084	0.420294309897191	0.45695977762836915	0.3962931213019144	0.40765667358017965
0.4915654074657908	0.4213483899145786	0.4405116271942168	0.3924859783533592	0.40839786335940265
0.48931180257016754	0.41814849184602115	0.4342794657668192	0.3917233456126259	0.40292259723024326
0.4918768482897288	0.41926842935554837	0.42916789498475494	0.3925129374884584	0.40576401833073256
0.4455970984590633	0.4155854516474487	0.4244801604839238	0.3920076718873072	0.4052448089013015
0.4262084133942111	0.4144487512081177	0.4205395763792343	0.3891402716984226	0.4049003476377033
0.42027142285690866	0.4039449651375454	0.41904890377198367	0.3914608867729414	0.4037208357430481
0.4147697556811525	0.3964818024726781	0.41722745297814867	0.38835407294275825	0.40160351488596335
0.4102472389293145	0.3936410915973545	0.4138515979585135	0.3866612299171554	0.40210840860596075
0.4047541859204811	0.39105041397502033	0.4102657338999726	0.386518288298946	0.3997247938609794
0.4038663561386829	0.39090728409150066	0.4069466371365521	0.38441760902819416	0.3981437035991103
0.4000471765580383	0.3879679090074262	0.4058927640585644	0.38482477209147314	0.4009624011528766
0.39646293874591815	0.38632292736826657	0.403545584977435	0.3843277869626993	0.39923336255885755
0.3940516921412913	0.3876245536310289	0.3983848401347693	0.3831254868861047	0.3996866268422595
0.39377409433159977	0.38592486765683465	0.39915898122141136	0.38149208699345916	0.4000593237864699
0.3889159068579563	0.3863772153092161	0.39817182258571804	0.3823167256382115	0.39994301218206
0.38710749888664014	0.3827836479982146	0.39442639895107423	0.3787751996608648	0.3983018783962024
0.38427912083733123	0.3840960678084731	0.3937824203077786	0.3801966651778699	0.39732104753289393
0.384339667265982	0.38555962251275416	0.39439408058095765	0.3788331227991586	0.40061992597397017
0.38332722490400917	0.3823294822517262	0.38301894777571127	0.37920086767972233	0.40167850004437605
0.37102206562028817	0.38398697979919727	0.37747635309348626	0.3792302876787111	0.39867619335498966
0.36699472767922575	0.38078340552652007	0.37738673453745625	0.380231961036277	0.39752661053786814
0.3675099371186911	0.3804851255148572	0.3749305220211251	0.37765226705604793	0.3984186337579549
0.36301153052188523	0.3798675357228349	0.3739672930496731	0.37674591661719115	0.397276992992977
0.3622946137052669	0.3790968351656824	0.3748804785101618	0.37722488826193107	0.3982540452114456
0.3619710689462969	0.3798680188863173	0.37349849108539895	0.37767819964977206	0.3982351318649624
0.36305770834388634	0.3804074635591048	0.37388412078933086	0.379468656028323	0.40036860276061265
0.36000140815439746	0.37761282372047855	0.36961406027264626	0.3766585906295829	0.398803590127574
0.35893171431158527	0.37611030602394174	0.3693828416602385	0.3730510291845903	0.39673766730081717
0.35823517934897947	0.3750458254533656	0.36932674774428476	0.37668745627488637	0.3969055982806796
0.35844719021216703	0.37530633288881055	0.3693227088817244	0.37768717533182333	0.3967044229245248
0.35738562036048416	0.3731850933693257	0.36861295544582845	0.37835839619417017	0.39674691951183416
0.3554557428869142	0.3738906640378408	0.3661832503802939	0.37716012278481204	0.3971741205591069
0.3538957239721741	0.372142113306943	0.3650897794672289	0.37711791011988366	0.39650812501187854
0.35518792820403633	0.3729464348472293	0.3663349878757504	0.3774334902653608	0.3971688852590678
0.35422457545004826	0.3718572008945143	0.36508383500911396	0.3766793040820707	0.39516133923664737
0.35441394573282414	0.3713284287306351	0.3645138428034381	0.37713587505128376	0.3962745606289499
0.3518651812277793	0.37110979119530124	0.3640318029676861	0.3754469793470925	0.3972750411314125
0.3545746177511142	0.37324047957539835	0.3653432971528725	0.3773685979568742	0.3960487987379282
0.353176402313935	0.374617501978984	0.3663253755215798	0.37739296200330297	0.39720592527743204
0.3549258683801	0.37186103693359635	0.3644474178476405	0.3771953910512998	0.39699758341550195
0.3522446902511675	0.37191300639106223	0.3635596937840553	0.37695592870492783	0.39738293323675383
0.3519325734251906	0.3703447774700495	0.36115363377439375	0.37574940790300804	0.3947929227748492
0.3537450069204316	0.37156901030284367	0.36266128958948424	0.3792434096946131	0.40008027032208276
0.352918981210045	0.37043169773448187	0.3622149188652675	0.37807176096360057	0.3969204841977193
0.35024161511065083	0.370910779365798	0.36016172902358456	0.3755136901307899	0.395910805372326
0.3507058362826669	0.3733577707691875	0.3599575931382609	0.3757507204247253	0.39569722112182476
0.3537810311064389	0.3714650557626542	0.361005243209317	0.3769826776231339	0.3974055169183581
0.35114724541564124	0.3702466012266898	0.3570500969734338	0.3773208735391611	0.3957565377282975
0.35097621914828214	0.37053812018898147	0.3585886943828117	0.3755060025035877	0.39328686142211655
0.3519978747724572	0.36788357561811463	0.35660068930872285	0.3759939333666928	0.3948486316234561
0.35092470720600916	0.3710696002863863	0.3575494004713602	0.37645623621428403	0.39644619875856674
0.3512501181162837	0.370331034864611	0.35614617245124147	0.37646130001758366	0.39673292530162235
0.35106773182864043	0.3704489693617273	0.35431336274232383	0.37622038749477754	0.3950792336098067
0.35354965208741423	0.37238872645761045	0.3568883456689927	0.3780616490584808	0.3974719360051562
0.3521741909901501	0.37063943295527585	0.352708880363218	0.37801598877553133	0.39413349661985575
0.35078033858248053	0.37017880963242544	0.3518872873862381	0.37347668119708616	0.3943547409056397
0.35201909368300377	0.3683337616493636	0.3530846127997273	0.37465470632933584	0.39487439264421886
0.35137982197734713	0.369461516818732	0.3529261394077557	0.37623481288590394	0.39466767077860615
0.35291079891002397	0.3705022225294577	0.3515148931147193	0.3771239142588642	0.3960065891218309
0.351771669695749	0.3695120771827595	0.3521067576335214	0.3783335014987176	0.3969453647923288
0.3516325887740422	0.36970896252890656	0.35275251324981655	0.3766428094233391	0.39464733881108904
0.35133355852130793	0.37072623545861283	0.3536787647420488	0.37683023660993953	0.3951755081448713
0.35157770444365083	0.367293462500243	0.3515686953769008	0.3749583058649927	0.39625245515647767
0.35078197744343936	0.3692741779338976	0.3504412783228831	0.37583239441332644	0.3952859829911188
0.35279323621784037	0.3711798565314555	0.35461164526927214	0.3772246387913401	0.3974184845871939
0.35274808356524157	0.36970479256661654	0.35078307540367965	0.3776165362056867	0.3962846260393977
0.3511328818395621	0.3708678857444802	0.3524808448446378	0.37524300516413917	0.395940766310143
0.3530261705598563	0.36860295649989466	0.3518535927738376	0.37497000720189955	0.3966572921141944
0.3497231598095518	0.36728583493501027	0.34991896163929465	0.3768040395301321	0.39419976052115924
0.35091941192022036	0.36855360393024156	0.35041611841724957	0.37584628290532524	0.3951585582455101
0.35256805490044996	0.37066788235893633	0.35006469259481643	0.37556285573088594	0.3953950379967994
0.35283867607031333	0.3718733877477134	0.35009859662379117	0.37614789406966676	0.3972801086695299
0.351213337096107	0.37072667609090376	0.3505046430146299	0.3750986650471798	0.39550828659320997
0.3528476932545758	0.37133486519384273	0.35062317851254376	0.3772387506864262	0.3963269079127886
0.3515792549266231	0.36979372818451756	0.35024015685481447	0.37899969003694484	0.3967783356566563
0.3517480038316049	0.36898920100058447	0.3520352598041524	0.37733006492600096	0.3953079258846813
0.352074798110806	0.37347517987651296	0.3532114760650085	0.37886164484121576	0.3966366949746065
0.35203537680303953	0.37090979040126354	0.3508517830191974	0.3761159997157124	0.3967311192503971
