1	2	3	4	5
1.6038110033630417	1.594839527783796	1.600177264884306	1.5892099389029897	1.5928843835430684
1.2560897336896428	1.244826493970574	1.2855230658255583	1.2334910623557733	1.2424853558430577
1.0931392368453237	1.089184141067593	1.1358778075793827	1.0774438207411698	1.1016678082973441
0.996740026242288	0.9882685795159589	1.0345552370066533	0.9797399504410333	1.0019479712561865
0.9267709993035593	0.9205651149115598	0.9474242774726797	0.9089485975482573	0.9236386084495607
0.8749463395084567	0.8718933537792972	0.8913367285447963	0.8675196050378062	0.878237544270733
0.8347607038515	0.8324768797820793	0.8525374176557103	0.8293940013326953	0.839316267948931
0.8030063250790473	0.802317746307539	0.8193598993294066	0.7980843001924209	0.8071278447995102
0.7802410633362772	0.7819428442384273	0.7960300800745446	0.7708719392566732	0.7825986610349188
0.7632058220141379	0.7668506745487221	0.781153857707977	0.7571135489532099	0.7621330884106625
0.7549965788641239	0.7503864801753206	0.7657823176944956	0.7449260855574743	0.7500558128137419
0.7414583638500987	0.7399503446143607	0.7544195487371183	0.731865319297137	0.7420333454675995
0.7358169122730066	0.7349214251236543	0.7484263256382759	0.7277860973802062	0.733442658048761
0.7288565983247876	0.724162543673649	0.737489544827005	0.7193547191522309	0.7274811391330435
0.7150677244376654	0.7216481810335605	0.727492515693235	0.7150628007281464	0.7195592973848134
0.7142144536880579	0.7132771752222121	0.7220328204009848	0.7070592654025769	0.7128187925614359
0.7155390817033666	0.7119655219642704	0.7160316621860877	0.7070481271847432	0.7141395922359601
0.6975465842220181	0.7073105527159501	0.7131107778043085	0.7001903691255222	0.7075119317340122
0.7035249413736646	0.5754782032326361	0.7072741425860568	0.6968607283614175	0.7007315678669669
0.6973311212818946	0.5438911748664149	0.7078946643625684	0.6935287010486779	0.6994467445499151
0.6900088216185264	0.5345378579843374	0.6991693848539198	0.6893695629466217	0.6954046878058582
0.6865708533760222	0.5224561331522132	0.6936480364836081	0.6832157089124861	0.6869411451737285
0.6827725024936759	0.5185179162360823	0.6873735447064087	0.5526938585521619	0.6864544914659028
0.6779614571110363	0.5125278626256583	0.6843733612228848	0.5194719521438371	0.6815736196992341
0.675099987279424	0.505517165145606	0.682246792728029	0.504272208418078	0.6809166098189778
0.6759713079465924	0.5053684725176034	0.6837874092256931	0.4973684475397514	0.6771091896554692
0.6699043047397645	0.5029326480672792	0.6768376953004259	0.4891454559152998	0.6726712796389295
0.6629101400790005	0.4957758439776233	0.6722879969250514	0.48595612196971055	0.6677536855420798
0.6673785008280477	0.4955690515315744	0.6706758840462128	0.484670917929896	0.5409244680038804
0.659196947008143	0.49246239685036647	0.6665926851579915	0.47791059036998834	0.5025924212487456
0.6575960007012653	0.49214133140071287	0.6643870573519437	0.47948313277700666	0.4914511551180152
0.6603040590767966	0.4911992867736866	0.6670338088441681	0.4747117753986205	0.48261383130117463
0.653253448893652	0.488883448073931	0.6579139418614182	0.47125476187147436	0.47676413031795134
0.6548953552532691	0.48880335635236427	0.6605383016721669	0.4721364502406793	0.4735955204957589
0.649939971201865	0.48384266832600464	0.6534877260170322	0.4679468300031583	0.46505939853770656
0.6460876235419224	0.4856286541275354	0.6525257349471599	0.46772031253561	0.466057075945008
0.6480762670412088	0.48455012454401236	0.6519069157140639	0.46769385493319976	0.46614167757351355
0.6393907984046985	0.48306910514526674	0.6517847149878204	0.4630372076083323	0.4617520908413034
0.6357486395884657	0.4819665467342754	0.6491908703161315	0.46492747287920966	0.4608700396612173
0.6414942118670331	0.4813838386931994	0.6484823462450903	0.46919226577824646	0.46072807755616624
0.641051103239474	0.48184011080076006	0.6455064897646983	0.4623074091761314	0.4579059432839491
0.6357934000089652	0.4755247574480601	0.6418941898266677	0.46349611390582107	0.45554893286636755
0.6353403229237824	0.4781898978116261	0.6406687492757204	0.4596368135393732	0.4565715106856792
0.6283672291147124	0.47605495859899793	0.6382707671436206	0.4618654719856388	0.4572969561495137
0.6338844985303366	0.47507647602149583	0.6388139602778208	0.46423343616678314	0.4556797816777778
0.6280702337279644	0.46963956064123047	0.5045252900446774	0.4567657342499786	0.44735285151949916
0.6261130239804996	0.47025249414431797	0.47220027957426025	0.38970339526910625	0.38849304524986344
0.4942365557793764	0.4684018276231675	0.45992805822121197	0.3671869944657204	0.37211513923257195
0.45961222509898825	0.4726442437799995	0.4476838380555667	0.3601314951010676	0.36167736450577037
0.44708594359705206	0.47016863399149483	0.4463041977351887	0.3563239204380517	0.3595720374065896
0.44370486128055864	0.47167813373953493	0.44441208868380394	0.3551140381856949	0.3581704574320323
0.43729009683174863	0.4699833948746362	0.4394623778970041	0.34695260356301877	0.3561286558885403
0.4306482264910209	0.39007341434888526	0.43781666785402384	0.34532587165417866	0.35058877851499637
0.4302851625568115	0.36966053573676677	0.4331629770948454	0.34369203692202077	0.3505508176734689
0.4247214842178023	0.3588005006313325	0.4294303930781382	0.3411179702071583	0.34486654095942415
0.42396493549542064	0.358356995236538	0.4342397385850891	0.3407432425128834	0.3470199862709433
0.41916010545952537	0.3490054711813818	0.43162866443624265	0.33692221739865313	0.3425390747425807
0.4187822960831624	0.3488320713229187	0.43114038821681383	0.33197655862249714	0.3424358140400911
0.4202596021963809	0.3448840489853982	0.42929019510288663	0.33229496179486767	0.33818104817434336
0.41216701764584796	0.3440708238298018	0.4252278932067745	0.330012318918772	0.3385585062872723
0.414643436632193	0.34155067927239824	0.42965999051280646	0.32904370716008385	0.3358820355914132
0.4138932779164571	0.33961565239959984	0.4307289349910854	0.3282526565329804	0.3353192978502846
0.413163804946958	0.33487086146688816	0.4255142360544571	0.32418675682581277	0.3291053619912212
0.41345655216890226	0.33122782523522315	0.4244099008610181	0.3231845767144354	0.3104039486259454
0.4148368249311471	0.336265731231331	0.4277495582542756	0.3248546426101108	0.31263737571056555
0.4130355642579705	0.33024075398664643	0.4247539233978444	0.3233559767113012	0.30647432099065497
0.41580450214693304	0.33158664153817385	0.4251908493773715	0.3212933397049183	0.30714411923037765
0.41247547389296324	0.32666996456777964	0.42465659004190665	0.32050931869108057	0.30188166214834367
0.41425075113316	0.3290632198686186	0.4250148195973441	0.3178708585326936	0.30273203970983537
0.41147060616089576	0.32568604188501976	0.42452792110650445	0.3148749358285115	0.3002560327729908
0.41288624505710103	0.3239617082850098	0.4234305374381487	0.2944128714940125	0.3009842801124545
0.41081164880176946	0.3195060918779326	0.3555597606903454	0.28523639164617315	0.3001095431158916
0.4116197693378418	0.3185942936736299	0.33506964547249984	0.2854674201639715	0.2997609961139578
0.40937563220558265	0.3191857355863542	0.32516134410258124	0.27934360321220547	0.2953401056625653
0.4131010897705317	0.32056236880667066	0.3238333255205006	0.28226433168439313	0.29791222459367506
0.3378541145254585	0.3160748821695136	0.3157678469824974	0.2775593609227549	0.2942952341816919
0.3168558988653484	0.31617101767788747	0.31492069839973874	0.2780982235737165	0.2951781364810433
0.31011404188545155	0.29127989431171497	0.3114064539332525	0.27776547664266693	0.2920700194280774
0.3063794703739684	0.2857475842127716	0.3113767476871497	0.2792812344973045	0.2909724599183979
0.3008025158244327	0.27960145625921806	0.30747078008511447	0.27637986918849433	0.29220659356287987
0.2965031043647805	0.27680908894294953	0.30424060015117416	0.273151412072694	0.2875384021064508
0.2956373621435726	0.275257861598983	0.3017217971174916	0.27344737985097567	0.2891397522690964
0.2922841444649662	0.2761593404252205	0.30026971181030504	0.272550899506835	0.2887135781061926
0.2897440387541072	0.27522739691807524	0.2995116834521598	0.27456580361594296	0.2881951816475299
0.28642354688376137	0.2745163778362375	0.2954040928874784	0.26983832775631833	0.28818641256188476
0.2869890728951115	0.2752604466646222	0.295423061189139	0.2678489059286045	0.2872001785985038
0.2836585153094341	0.27344336160613425	0.2944927035695147	0.2658367501500319	0.29181435292639096
0.27924645518707825	0.2710450982574915	0.2908678007171587	0.2628881193487848	0.28755929833635335
0.27805406251526854	0.2706948493600197	0.2905030814964144	0.2659197400902849	0.2868444681396266
0.277184528653579	0.26908360414035454	0.2885413858515527	0.2642990911517606	0.28697755826098836
0.27640216025854913	0.27029473123038195	0.2704911626056027	0.26675452709274255	0.2877612439034236
0.25712866654328964	0.2702617012250148	0.26475656040184314	0.2661486640000894	0.285930362046527
0.24973192517562323	0.2685386200847526	0.2610390597330335	0.26220766277721796	0.28526517070467816
0.25059341984179323	0.2687939769014373	0.2627284505102032	0.26251540407347845	0.2884884408444091
0.24465959989811153	0.2661152063961837	0.2570099568046872	0.25973599249749546	0.28504399353128557
0.24463472033248232	0.26550737657891527	0.256396371156663	0.2625466685008514	0.2842252852438049
0.24710159918383864	0.2670369713431429	0.25931783942767717	0.26404122703368094	0.28861613289626975
0.24597080074765193	0.2670304691014083	0.25670420833865715	0.26261982241707377	0.2889581050180718
0.24230587554862135	0.26421008573468674	0.2514193496664468	0.2580486439987828	0.28463337861973337
0.24293848555868544	0.2639345804519971	0.25229275805870904	0.2591477148139568	0.2835531203490695
0.24297084415431522	0.2605619238846746	0.2552015251668211	0.2594177554673552	0.2882725328130798
0.2425498346538494	0.2584429102023238	0.2521782694646466	0.2631368111161626	0.28716409941920845
0.24046145539606925	0.2560495381312603	0.2495080848484087	0.26037033710180957	0.2853595726477826
0.23466148139799356	0.2570517427095063	0.25060105880203154	0.2604061651717673	0.28587149377064336
0.23260053603545475	0.2554509878311012	0.25085619568367445	0.2580929523919855	0.2849738309374244
0.23569045280632758	0.25478876544081625	0.2510557633722224	0.26051148185339734	0.28487714324765845
0.23685947150144426	0.2535402718407419	0.2508865840675885	0.2613542745332888	0.28569064359835633
0.2363007622759055	0.2553438617064214	0.24920827036013696	0.2588319887438087	0.28487476081494467
0.23552956817019016	0.25400874712278176	0.24675449361200516	0.2582554981836579	0.2859090034614134
0.23416556435091718	0.252353071823449	0.2469890485601047	0.25875823550364535	0.28504505319058737
0.23663334262645475	0.2564957562995993	0.2512885573727396	0.26354575277213277	0.2874904070668816
0.23552296487876512	0.2557978956481378	0.24810814426835523	0.2632992432245512	0.28547973408723426
0.23200651645050638	0.25172036406024356	0.2452277201597039	0.2582970674309279	0.28251202968532774
0.2319174185585794	0.25386160604484265	0.24438764358801604	0.26021980942057826	0.2866612547041509
0.23560678246228603	0.25389420799434687	0.24661794762172365	0.26112193919127574	0.2879587593285936
0.23404354994635437	0.2525373141250342	0.2458123249547255	0.2630700880799756	0.28387302880549375
0.22946329132827653	0.2523717006758963	0.24461002434458576	0.2585580035701127	0.2818840974203459
0.23133919027912642	0.2524593967915802	0.24444643804408095	0.25868845902516696	0.2821332822980172
0.2359309832153418	0.2561892530573598	0.24585162966376387	0.26151604988538396	0.2841871243227473
0.23313743367676842	0.2505159978671452	0.2440436099039013	0.261831638072153	0.28299311127351695
0.23130395021432498	0.2521276645876871	0.2429989586629527	0.2578991095504495	0.28260819080388117
0.2328493250986501	0.2516002367676981	0.24240201808836162	0.2610928909400541	0.2847964547936568
0.23170368855490406	0.25371461397851525	0.24164834664300885	0.2591245025205794	0.281369240349516
0.23427036570389856	0.2544993457891754	0.23934821338604786	0.2628241012925686	0.2838542346301898
0.230439681302556	0.25104874837429003	0.23656394704223607	0.2622859893018938	0.2873307609802014
0.2345009236727528	0.2540123439429665	0.23732444083751603	0.2649063417864273	0.2865747517484534
0.2321100941933024	0.25166266333416626	0.2344268221989313	0.2614376743507504	0.28374041125292676
0.23058505188626086	0.2509067540278521	0.2313989982047043	0.2567239893824243	0.2804771546283952
0.23048249755978895	0.24914226015967772	0.23202990532836026	0.25825047553957586	0.28195931832961113
0.23038118593680595	0.2512138910839319	0.23130699279515643	0.2595749646425249	0.28070205819728755
0.2329286108236482	0.25226380491195755	0.23236724955346574	0.2599887834180651	0.283128026996732
0.2285062457480089	0.25135725645153123	0.23225474571023147	0.2601253317521356	0.2818244381633867
0.23176802283205342	0.2516259138312792	0.23310509285963393	0.2607141366928743	0.28285651412004115
0.23262076409500285	0.2514157644699294	0.2339549205263558	0.26129843111690687	0.2826213575994875
0.2326620880257138	0.25172943334140424	0.23230502965962493	0.258730369265122	0.2824275337369241
0.22836944518034427	0.24907820879498413	0.22894852316897818	0.25907032976827343	0.28085604614918774
0.2312760852334445	0.253931926301373	0.23151883067529824	0.25977428520427026	0.2833607889654689
0.23160061272590074	0.2527610437034646	0.2308733674800001	0.2629183110831034	0.2843358366538197
0.22963415797028086	0.25001708854494775	0.2309814649812706	0.25859974385679857	0.2834511363826443
0.2313728695520964	0.24926035216702225	0.22921579447396268	0.2584547681538652	0.2828117976027072
0.22970129873441603	0.25106297189469823	0.2299828855963923	0.2584068751929664	0.28278612423583377
0.23005335330200932	0.2519099622812414	0.2310081579343743	0.2603597852503856	0.2831841686650005
0.2301524676897032	0.25180984027397924	0.2291597833337686	0.26132632445191495	0.2825672381445575
0.23192346831569274	0.25353454838475903	0.2326295676514926	0.2619613359879959	0.28386599198936485
0.2338337397293363	0.2531667726728923	0.23348467139636753	0.2606828183774143	0.28359780698785997
0.23045146251883367	0.2513084990517868	0.23144271413383583	0.25822028929315244	0.28139682125557414
0.23294506637412882	0.24920264065570533	0.22980668393852172	0.2598240963562064	0.28546568739902056
0.2293421580167987	0.2507635861482768	0.2293195540033034	0.2605196867909881	0.2818798721598845
0.2328995287113483	0.25462591011658386	0.2330926077445144	0.26099215304988743	0.28171214133577255
0.231443936352992	0.2516223371333782	0.2324187960999701	0.2609964768447535	0.2838455941289889
