1	2	3	4	5
3.79246960124191	3.8080525884822927	3.801859806995004	3.8434620961851014	3.809465060428696
3.814736880818192	3.814460745879581	3.811466527228452	3.8982564612310777	3.7832909627836564
3.7164172761294307	3.6388221504736906	3.669002186278907	3.89651412501627	3.537794217771413
3.5039203130469025	3.386915266513825	3.4482232684991794	3.8270175201552252	3.3828601642530796
3.416126523699078	3.28875883379761	3.362119332868227	3.6328463603039194	3.299942303676993
3.3096431213982265	3.202872468500721	3.2598569040395775	3.366523101621744	3.2019888770823575
3.2310633355257457	3.1378489562443304	3.1673072758986023	3.247064931052072	3.1147337823498003
3.141232191299905	3.099856784149092	3.1062244882388996	3.1658566448153285	3.037151641991674
3.0261448852869943	3.0342521959421584	2.9998636951251907	3.0813115713547696	2.9251937233671854
2.9027623132783553	2.9763016676416196	2.880472987282034	2.9774718004830043	2.7762494658937245
2.764795043030563	2.8635942011463387	2.7753950418258193	2.8349875905075828	2.616686273594292
2.649546152474928	2.70263146380989	2.636035610218436	2.6849461319495225	2.487884195483461
2.545259008602218	2.5667598977380877	2.505726538142381	2.537264505211187	2.3821050731503215
2.387086415777402	2.415514812177542	2.380343651284976	2.401890343549301	2.2707406270260697
2.24083441982464	2.303906415190017	2.2644178624055806	2.2801878184688342	2.171600593596089
2.1236422664048744	2.2049986805234645	2.151073674158175	2.1678710154124685	2.068193138253932
2.032538118411081	2.1054674970860385	2.053888005869728	2.0727533296662926	1.9821639085302554
1.9476183105488205	2.0251616385518267	1.9572138372732666	1.9788693870816922	1.9117138677713823
1.8727567408766062	1.9485950111126413	1.8713120258584317	1.892548315379084	1.8436983069595028
1.8067028723200969	1.883335275309426	1.8141596074006994	1.825012864506974	1.7811651035230984
1.7400423020732645	1.8183111475438483	1.745527918241462	1.7538312521516062	1.7059216176976966
1.692900627243276	1.759893745183945	1.7044527390781707	1.691051314071734	1.653651624917984
1.6460667045748971	1.7036546042987282	1.6632468584848903	1.6438782324596328	1.6296271900741426
1.6089047102295626	1.6671818123788247	1.6176785778026197	1.6042402927972839	1.5872551281841436
1.5696521255434779	1.6156144604390976	1.5796854635890647	1.551329440000105	1.5287567048656703
1.5289603617726542	1.5653914438218488	1.5480306963531336	1.5276630648544858	1.5083400941624938
1.4962578282064323	1.532749124327484	1.5170064677997508	1.4859989060431105	1.4727656275642156
1.4645208357548218	1.500150661687462	1.4852902274958932	1.4548958199364805	1.4413260671557209
1.4404624262634582	1.4848311884062628	1.4693773723378465	1.4435416350559325	1.4280775341452396
1.4236770071545424	1.4580342952085996	1.447499291020997	1.4093254768118557	1.4056337481858785
1.3990268482237442	1.4239421918684125	1.4228911028832807	1.383256317401419	1.3835928999647804
1.3738478422164915	1.4055156628696281	1.398433974202798	1.3670829589269606	1.3630997550730801
1.3548119323594228	1.3667702218707725	1.3744145333766942	1.337254971874003	1.3305920015792467
1.3478683476545368	1.3682107554406533	1.3755578569003521	1.3371492758089178	1.3256743525972179
1.3065295146436111	1.3325481651997075	1.3350118094561052	1.2933449897230886	1.2992362538162543
1.3076495339675824	1.3236889419507012	1.3226332147510682	1.292088651535462	1.303322557892119
1.2920754016662135	1.3096808839817435	1.313740552688131	1.2633727880156773	1.278535715171269
1.2624419428864295	1.2837187945842743	1.280942123155204	1.2443400147009869	1.2639851314680914
1.2489140015475602	1.268757508117326	1.2678313364787963	1.2409181272496987	1.2585900742180494
1.2355861049525585	1.2687930890492036	1.2471477663030432	1.2259492411905402	1.2288432765980153
1.2361966456685751	1.2559617289475027	1.25616221403589	1.2131312033351593	1.2195620001578813
1.2237338648766882	1.246961497530646	1.2328513897195161	1.2034830317205305	1.2234666730676387
1.208420913438408	1.2270819496135312	1.2137133780182627	1.1950786259709585	1.2040492320547298
1.199368123193177	1.2153055041420215	1.2056000159711255	1.1877415137631553	1.1773681470326012
1.1983384672476323	1.2166759566384917	1.1993462577158087	1.175144143250523	1.1915061796198088
1.1800679418505458	1.1963295483467538	1.187285981007985	1.1573352424465877	1.1675701545817514
1.1879138970861631	1.196557124658507	1.1769643176575093	1.1501430017607555	1.1650583442984794
1.1496824847192186	1.186874146364172	1.169374548050822	0.841772109574201	1.1559748208644438
1.1517221349842697	1.168186355610283	1.1513229496016792	0.6706004015036997	1.1506731808185569
1.143433368935877	1.171127093081571	1.1537019792868164	0.6172381169637855	1.1383462897977044
1.1462002144176133	1.1648055464029314	1.150373627336658	0.5759464630058834	1.1269292086362832
1.1412937869222795	1.1724192931944	1.1322315903950708	0.5526608733498322	1.1252025353665256
1.127557194354583	1.154992688979421	1.128212382902905	0.5142350050867819	1.1236874874757254
1.119445679139118	1.144215956026194	1.102152352126277	0.49892879748831004	1.114171674969245
1.1044499588255978	1.1378673324171378	1.111727611446867	0.4816637635231017	1.117640854144583
0.7951793588545861	1.1151389954041455	0.792035944607793	0.46002320276231173	1.0952263495751784
0.6226596613319549	1.1179576090403966	0.6273954087982373	0.4523216219885011	1.094680545889601
0.5688522923357633	1.1223859166612422	0.5712442918091407	0.4362752173019915	1.0804761219389587
0.5209495224514785	1.1220116800799667	0.5248790901838517	0.43602847703257375	1.0803300723129388
0.48976720991183315	1.107021063262103	0.49658680403110944	0.3610078126040039	1.0803731676875328
0.4662173791807524	1.104853606953913	0.4667917407897055	0.29732537687737115	1.0676385571762008
0.44665769350771994	1.0965923682159309	0.45134874661358043	0.27063511007902574	0.7682017942472378
0.42853193897373815	1.0993275876556117	0.42975156374123635	0.244490552161421	0.5863346002843914
0.4225660828607423	1.087632041196433	0.418750763395611	0.22791097518436762	0.5247760311681399
0.4090223275885291	1.0893905363520802	0.41222586117836885	0.21646506613006392	0.49352463061104
0.3976112616305447	1.0715560380901608	0.3975974328967989	0.20092504201646977	0.44653823728464076
0.3913071593459772	1.0849360598593336	0.38863638089019437	0.19012031168201737	0.42840866683697204
0.39482554975821055	1.0768770523825477	0.3946115672588348	0.1758086122952553	0.41270636463043636
0.369739228061267	1.0671623267081318	0.3849708738983895	0.16974417321688057	0.38989799363272526
0.3723412424477996	1.0597558267870733	0.370348152609504	0.16469139476515793	0.37752852056707636
0.3769822776013492	1.0668733126046697	0.3696824573740666	0.1558764132918143	0.36817038256903084
0.3723169551516066	1.0633305755196785	0.27992631008430413	0.1435092060389568	0.3666349729256971
0.2832889767477707	1.0521137884684977	0.22413377129301745	0.1367776070018204	0.3602595136177785
0.22221561749370722	1.033459609868576	0.19228740329188965	0.13315328153572503	0.3559197264970564
0.19253018065070607	1.0599703141012973	0.17690621088353956	0.13015907463066437	0.3562963179179598
0.17748397714173308	1.0540050721290168	0.16136744044417017	0.1297074487166745	0.34810382652343524
0.16018117850228236	1.0330611087229797	0.1482565026654273	0.12561783802752602	0.3417728731826859
0.14487908164761504	0.7367764337330441	0.1422317338233091	0.12492970365802854	0.35591345759374765
0.13581801836892043	0.5491869619914458	0.12990005033052696	0.12365143073304574	0.26990291468647054
0.1302898559643297	0.4932087168705706	0.12305081840984676	0.12262641562491049	0.21103449515542205
0.12022627369329633	0.4506916564946272	0.11435891630850277	0.11838137270996768	0.18143404028093332
0.11129402589737145	0.41886011906424353	0.10845641563741526	0.11634533468405808	0.16292865547750673
0.10826847173881776	0.39256631765438604	0.10502379374312505	0.11461423265234552	0.14962324439262875
0.10483970040721548	0.3714908948358225	0.09809375136178367	0.111998760882689	0.13736505023374865
0.09930969153207782	0.367407721068178	0.09357827590132253	0.1107328661280323	0.12751856586914886
0.09513716240014347	0.3438791612885436	0.09172285916473792	0.11009543955478132	0.11964065418103524
0.09234663216891342	0.3491643042284617	0.08364329302721486	0.10906642479631977	0.11426950090241676
0.08646452865962469	0.3419936543368562	0.07911198033133943	0.10661174680049322	0.10648207303744799
0.08509036892911004	0.325692371674338	0.07506876642226563	0.1045667535758444	0.09869807363696853
0.08203349102820671	0.3271669790300787	0.075010806036999	0.10435843203520899	0.09558046282250061
0.07785862610124203	0.2633682062887417	0.07397836627324625	0.10479431050088338	0.09176744790557699
0.0715784232265183	0.21491277164646558	0.0735869491092709	0.10430746297447044	0.08360652549534425
0.06875817357961617	0.192431806757742	0.07192205546461806	0.10360885025667298	0.08028833535784968
0.06484181086095618	0.17516525682746137	0.06952196574408787	0.10445321138416021	0.07942674989450953
0.06295659303741186	0.16074636692599373	0.06802450247793175	0.10386301717739932	0.07563736886546321
0.06275757805121195	0.1515574286862903	0.06867214733240555	0.102599256405873	0.07610308399842103
0.06171891997967445	0.1397362005117597	0.06814703877483093	0.10280109210205932	0.07531577590092717
0.060954225553693814	0.13431398023147975	0.06837403154646861	0.10438058358065935	0.07485827018639868
0.060330964567861974	0.12323416967173015	0.06540263459390527	0.10044383113177456	0.07243875758152227
0.05728618602021311	0.1175049663882475	0.06445360084881595	0.102522354363939	0.07063498693917482
0.058559761021514355	0.11261252560937893	0.06510168078298467	0.10328008464480541	0.07064723945697962
0.059102594510328996	0.10957632681392895	0.06364330898362151	0.10121943320774912	0.06847964398258802
0.05658998885857207	0.1033710688732717	0.06254832433270555	0.10259105261339221	0.06830312809621804
0.055911434415195645	0.09843126524771958	0.061763185865188766	0.1004080423819167	0.06597208393243509
0.05610062369164459	0.09567969174561453	0.06184225483816499	0.10300835967063905	0.06759984443458365
0.05362917378316731	0.09214518797032689	0.06201843966786959	0.10094808321446175	0.06563567991691589
0.05599170069837448	0.08629156122630352	0.06129982795718374	0.10088642380599463	0.06449642541761297
0.0545565463051352	0.08015609203780796	0.0593940924415935	0.10160218614476675	0.0643654410556263
0.05560953433302288	0.07782503905497032	0.060547199556413966	0.10215813067874736	0.06373987702310693
0.0550849954882751	0.07801812041398822	0.057896908619726184	0.09829660322593184	0.0629757602832147
0.053297859407505234	0.0770735709300759	0.05738552706316111	0.09899253506517529	0.06279526197598598
0.05386448697167999	0.07369649313314222	0.05661407541673706	0.10138110755657662	0.06065008559321264
0.05286560791107468	0.07271796506734528	0.05701447031175605	0.101333723650599	0.06144442238217715
0.05391937542744743	0.0724108479156786	0.056634147356891484	0.10110096922334359	0.060514969846271714
0.05340642345194913	0.07065901291385591	0.05515959551938031	0.10041354906422145	0.05838814783575277
0.05324120805313692	0.07125079772454129	0.05621972848300117	0.1007964371570519	0.05863208633524423
0.0526928143594794	0.06973392753956877	0.05701474980356134	0.10087670058924321	0.05828554882686965
0.05359430275667384	0.06929355291459634	0.055659435318820935	0.10206978450700338	0.05827752553990911
0.05236651350230893	0.0681178129601235	0.054695217280971785	0.0993334670760194	0.058179650626772536
0.052864521979449366	0.06684130918690749	0.055684552936605645	0.1013216814976566	0.057726825587451444
0.05428195585097584	0.06896843626258937	0.055507516260353884	0.10144430387537093	0.057177002199602395
0.051903679472755405	0.06623684084613105	0.05489659014785168	0.09952624317030516	0.05473749375693043
0.05291176278486241	0.0659073557780713	0.05416959601131326	0.10029447681213517	0.05563564030263497
0.05159330396551868	0.06433602412972525	0.05468130087936106	0.09882734603799728	0.054892066495531064
0.052326525228896345	0.06178935092626783	0.05260811066635106	0.09896792176806805	0.05407203814699029
0.05245693781584199	0.06194673206809226	0.053490533902100776	0.09941105896188897	0.05396232926001659
0.051333133748979576	0.061410580543154944	0.0517193556345087	0.10029410010165707	0.052952668182932004
0.05440884772498086	0.06301738407310785	0.05487103486547665	0.10089418847037819	0.05368471088610134
0.05239042685348159	0.06186208157439013	0.05330864164256017	0.10115155792433993	0.05302576850909662
0.05123759371855735	0.060273096934721174	0.05346185526791582	0.09956880826122909	0.05136980327340413
0.051603109091140194	0.05991854078649561	0.05373282687814563	0.10197505271252323	0.05186116255401651
0.05142009663110486	0.06161851323760893	0.05448535987537126	0.10106351908904562	0.05265134235615938
0.052201781022761566	0.05929949662020925	0.05390267152035115	0.10030430403290957	0.05080079871743007
0.051710748370280696	0.05993249887904648	0.05228373748535404	0.09900844323315786	0.0501593785379462
0.049310177146476175	0.05872163695416283	0.05191786840025867	0.09870100964088827	0.049096623701708655
0.0520056377792237	0.05934564275096874	0.052724884585382395	0.10167747813904163	0.05035372886198518
0.05153696945089164	0.059358160439118436	0.05407476308280412	0.10084897956373738	0.051299396360635165
0.05168808409373979	0.05886971310009152	0.05362059316616883	0.0991389616107454	0.05037950940088045
0.05201167874608416	0.05864467188639908	0.052935602989199824	0.09972147922962903	0.050777029730759704
0.05163073170055841	0.06058670128980766	0.053989548407190904	0.10258338395126014	0.050170763072614775
0.05135626248939303	0.059231027200513965	0.05327003129890986	0.10233963773186718	0.050359246568108085
0.05241629337815912	0.05862440892058063	0.053784257095611195	0.10091481756951128	0.04959901666496784
0.05233670901317071	0.05904727059473491	0.05283069657161831	0.09876458392459518	0.04992635280121953
0.05060900577667111	0.0575858844558195	0.05376214985450614	0.10041508333263346	0.049770245509108114
0.050791535925652304	0.05953361078792688	0.054469084224606654	0.10140078127080075	0.049742256338727114
0.04955353423458882	0.056907589357270284	0.051386728901796234	0.09870690814390476	0.048050008875755015
0.051298382311907344	0.05816513624954589	0.053347051514274615	0.10114988891825992	0.04907606744530553
0.05160938648088854	0.058950967706587844	0.054062458401431854	0.10017240511215465	0.04872743809139545
0.052176167703784845	0.05936946728437834	0.05346154390207053	0.10216518162692688	0.05039413755151384
0.04918794422315397	0.05732507978052814	0.0511654319374689	0.09846662315635053	0.04892520558051004
