1	2	3	4	5
2.8000000000000025	2.2599999999999953	2.3760000000000003	1.8480000000000052	2.2399999999999975
3.2320000000000015	3.059999999999996	3.1079999999999997	1.871999999999996	3.739999999999999
4.268000000000005	5.556000000000005	4.744000000000003	2.3680000000000034	6.455999999999995
6.3559999999999945	8.464000000000006	7.484000000000002	3.0919999999999948	8.279999999999998
8.008000000000004	10.312	9.311999999999998	5.632000000000003	10.136000000000001
9.972000000000003	12.4	11.019999999999996	8.643999999999997	12.368000000000002
11.792000000000002	14.115999999999996	12.983999999999995	11.116000000000003	14.500000000000002
14.376	15.144000000000002	14.644000000000002	13.804000000000006	16.500000000000004
16.528	17.076	16.724000000000004	15.615999999999996	18.867999999999995
19.523999999999997	18.296	19.923999999999996	18.023999999999994	22.348000000000003
23.231999999999996	20.531999999999996	22.031999999999996	21.308000000000003	25.432
25.571999999999996	24.048000000000002	25.0	24.124000000000002	29.112000000000005
28.356	27.927999999999997	28.576	27.852	31.943999999999996
32.052	31.432000000000006	32.004	31.416	34.972
35.9	34.556	35.211999999999996	35.07599999999999	37.624
38.912	36.675999999999995	38.088	37.812	40.512
41.088	39.54	40.344	40.168000000000006	42.644000000000005
43.74	41.608000000000004	43.17999999999999	43.224	44.788
45.06400000000001	43.396	45.49999999999999	44.948	46.524
47.288	45.56	46.952000000000005	47.187999999999995	48.24
49.108	47.208000000000006	48.88	49.024	50.37199999999999
50.22	48.956	50.324000000000005	50.89600000000001	51.71600000000001
51.712	50.184000000000005	51.732	52.024	52.944
52.868	51.464	52.908	53.035999999999994	53.583999999999996
54.472	53.112	54.396	54.652	55.248000000000005
55.216	54.164	55.035999999999994	55.384	55.808
56.604	55.62400000000001	55.956	56.919999999999995	56.972
57.056	56.704	57.04	57.36	57.651999999999994
58.152	56.84400000000001	57.436	58.108000000000004	58.467999999999996
58.440000000000005	57.519999999999996	57.85199999999999	58.69599999999999	59.187999999999995
59.268	58.78	58.93200000000001	59.8	59.912
60.196000000000005	59.364	59.78	60.352000000000004	60.38399999999999
60.224	60.216	60.048	61.192	61.424
60.86	60.57600000000001	60.104	60.827999999999996	61.620000000000005
62.032	61.3	61.388	62.632	61.968
62.471999999999994	61.572	62.012	62.644	62.53999999999999
62.696	62.39600000000001	62.315999999999995	63.592000000000006	63.044
63.224000000000004	62.824000000000005	63.348000000000006	63.816	63.548
63.588	64.1	63.432	64.304	63.832
64.344	63.440000000000005	64.26799999999999	64.944	64.632
64.168	63.816	63.852	65.03999999999999	64.816
64.772	63.988	64.452	65.676	65.084
65.02	64.744	65.28	65.7	65.46799999999999
65.4	64.956	65.49199999999999	65.952	66.22399999999999
65.708	65.292	65.444	66.472	65.992
66.12	65.66000000000001	65.812	66.66799999999999	66.59200000000001
65.752	65.652	66.5	66.92	66.652
67.54400000000001	66.316	66.396	77.34400000000001	67.048
67.068	66.46799999999999	67.12400000000001	81.012	66.872
67.00399999999999	66.696	66.8	82.41199999999999	67.59200000000001
67.036	66.676	67.296	83.384	67.59200000000001
67.604	66.83200000000001	67.964	84.196	68.024
67.71199999999999	67.05600000000001	67.66	85.076	67.9
68.268	67.708	68.76	85.504	68.74
68.408	67.556	68.356	85.92	68.208
78.684	68.24	78.8	86.824	68.616
82.56400000000001	68.284	82.568	86.9	68.904
83.992	67.828	83.748	87.292	69.41999999999999
85.272	68.072	85.16	87.132	69.37599999999999
86.14	68.28	85.956	91.512	68.93599999999999
86.748	68.6	86.696	93.908	69.528
87.244	68.97999999999999	86.84	94.44	79.696
87.69200000000001	68.724	87.524	95.324	83.8
88.184	69.288	87.92800000000001	95.404	85.528
88.064	69.296	87.944	95.5	86.092
88.55199999999999	69.7	88.4	95.96000000000001	87.472
89.0	69.32000000000001	88.556	96.256	87.988
88.372	69.72	88.424	96.536	88.352
89.672	69.884	88.812	96.67999999999999	89.208
89.02799999999999	69.868	89.452	96.7	89.224
89.02	70.048	89.428	97.08	89.888
89.432	70.052	93.676	97.512	89.256
94.176	70.004	95.632	97.892	89.596
95.692	70.876	96.50800000000001	97.92	90.132
96.608	70.15599999999999	96.672	98.168	89.724
96.944	70.608	97.312	98.056	90.08800000000001
97.416	70.72800000000001	97.528	98.304	90.108
97.616	80.972	97.54	98.11999999999999	89.744
97.82	84.648	97.89999999999999	98.28	94.32000000000001
97.94800000000001	86.488	98.028	98.34	96.192
98.22800000000001	87.32	98.292	98.38799999999999	96.908
98.36	88.508	98.356	98.432	97.3
98.412	88.936	98.412	98.456	97.5
98.35199999999999	89.672	98.648	98.56	97.764
98.488	89.676	98.72	98.476	97.992
98.64	90.36	98.59599999999999	98.636	98.148
98.612	90.164	98.94800000000001	98.568	98.292
98.784	90.42	99.14	98.70400000000001	98.584
98.748	91.008	99.272	98.792	98.492
98.848	90.53999999999999	99.148	98.676	98.664
98.976	94.21199999999999	99.252	98.63199999999999	98.72
99.152	96.108	99.18	98.712	98.932
99.244	96.432	99.336	98.752	99.09599999999999
99.384	96.71600000000001	99.336	98.804	99.116
99.42	96.968	99.324	98.772	99.17200000000001
99.404	97.248	99.26	98.768	99.2
99.396	97.532	99.36	98.748	99.208
99.48	97.60799999999999	99.372	98.708	99.20400000000001
99.392	98.008	99.336	98.92	99.248
99.492	97.99600000000001	99.392	98.85199999999999	99.38
99.408	98.044	99.36399999999999	98.71600000000001	99.22
99.42	98.18	99.36399999999999	98.83999999999999	99.336
99.488	98.36399999999999	99.408	98.712	99.388
99.52	98.35199999999999	99.592	98.836	99.392
99.544	98.416	99.412	98.76	99.38
99.52	98.664	99.42800000000001	98.868	99.384
99.53999999999999	98.708	99.46000000000001	98.80799999999999	99.4
99.624	99.09599999999999	99.548	98.832	99.412
99.53999999999999	99.012	99.5	98.832	99.4
99.576	99.084	99.496	98.86	99.47200000000001
99.588	99.03999999999999	99.504	98.768	99.44
99.62	99.208	99.53999999999999	98.708	99.536
99.616	99.152	99.46000000000001	98.856	99.484
99.588	99.208	99.528	98.736	99.5
99.648	99.256	99.588	98.772	99.5
99.628	99.22800000000001	99.592	98.824	99.53999999999999
99.58	99.35199999999999	99.576	98.872	99.512
99.612	99.276	99.59599999999999	98.732	99.604
99.676	99.388	99.576	98.892	99.532
99.668	99.36399999999999	99.612	98.836	99.58
99.58399999999999	99.28	99.66000000000001	98.828	99.568
99.624	99.328	99.624	98.78	99.604
99.648	99.332	99.59599999999999	98.8	99.576
99.628	99.264	99.632	98.848	99.53999999999999
99.52	99.436	99.628	98.788	99.588
99.548	99.396	99.648	98.87599999999999	99.548
99.652	99.44	99.60799999999999	98.88	99.652
99.568	99.392	99.536	98.8	99.636
99.636	99.488	99.588	98.69200000000001	99.58399999999999
99.68	99.48	99.58399999999999	98.848	99.624
99.69200000000001	99.464	99.66000000000001	98.784	99.58
99.648	99.468	99.556	98.992	99.56
99.69200000000001	99.468	99.6	98.792	99.652
99.58	99.492	99.632	98.78	99.664
99.644	99.496	99.67200000000001	98.884	99.688
99.612	99.488	99.656	98.768	99.668
99.676	99.48	99.536	98.884	99.66000000000001
99.656	99.504	99.576	98.86	99.648
99.676	99.47200000000001	99.544	98.824	99.58
99.664	99.384	99.628	98.736	99.652
99.68	99.5	99.70400000000001	98.824	99.684
99.636	99.476	99.6	98.74000000000001	99.696
99.58	99.484	99.59599999999999	98.872	99.592
99.72	99.508	99.632	98.86	99.712
99.644	99.488	99.53999999999999	98.868	99.696
99.68	99.524	99.7	98.908	99.652
99.62	99.512	99.612	98.832	99.708
99.668	99.548	99.632	98.86	99.70400000000001
99.60799999999999	99.492	99.67200000000001	98.748	99.648
99.668	99.52	99.656	98.836	99.70400000000001
