1	2	3	4	5
41.876000000000005	42.344	41.738	42.282	42.576
55.14	55.553999999999995	53.788000000000004	55.688	55.806
61.324	61.524	59.89	61.892	61.227999999999994
65.232	65.254	63.495999999999995	65.83200000000001	64.55
67.62599999999999	67.73	66.774	68.228	67.718
69.434	69.652	68.684	69.726	69.41
71.074	71.014	70.36800000000001	71.414	70.93199999999999
72.14	72.36	71.53	72.49	71.894
72.93799999999999	73.018	72.194	73.366	72.934
73.614	73.41	72.996	73.868	73.85999999999999
73.848	73.944	73.394	74.298	74.056
74.336	74.44200000000001	73.868	74.678	74.35000000000001
74.64999999999999	74.784	74.198	75.03	74.69200000000001
74.972	75.144	74.47399999999999	75.276	74.67200000000001
75.354	75.126	74.958	75.38199999999999	75.22999999999999
75.352	75.396	75.09	75.608	75.522
75.08	75.232	75.116	75.612	75.294
76.24600000000001	75.57000000000001	75.368	75.788	75.7
75.812	80.28999999999999	75.67399999999999	75.858	75.944
76.18	81.43199999999999	75.73	76.09	75.63
76.29	81.828	75.946	76.458	76.116
76.318	82.05799999999999	76.07	76.398	76.23
76.67399999999999	82.37	76.414	81.194	76.474
76.684	82.49600000000001	76.386	82.402	76.54799999999999
76.59400000000001	82.65	76.348	82.786	76.544
76.704	82.75399999999999	76.44	83.276	76.83
77.062	82.852	76.68599999999999	83.474	77.03599999999999
77.188	83.076	76.858	83.602	77.142
77.188	83.136	77.068	83.308	81.526
77.442	83.13000000000001	77.12400000000001	83.712	83.004
77.464	83.248	77.13600000000001	83.8	83.074
77.3	83.086	76.96600000000001	83.884	83.528
77.45	83.422	77.214	83.958	83.824
77.462	83.41000000000001	77.196	83.98	83.98
77.806	83.61000000000001	77.446	83.976	84.14399999999999
77.836	83.298	77.532	84.136	84.068
77.69800000000001	83.56	77.66199999999999	84.194	84.11
78.11399999999999	83.38799999999999	77.60199999999999	84.396	84.248
78.09	83.616	77.58800000000001	84.194	84.336
77.858	83.43599999999999	77.59	83.91999999999999	84.406
77.908	83.40799999999999	77.842	84.24000000000001	84.406
78.118	83.75200000000001	78.082	84.27	84.524
78.25800000000001	83.718	78.116	84.262	84.47200000000001
78.27199999999999	83.642	78.068	84.218	84.34
78.41	83.772	78.03	84.226	84.414
78.412	83.89999999999999	82.934	84.512	84.78999999999999
78.514	83.804	84.184	86.91	86.932
83.16600000000001	84.03399999999999	84.468	87.726	87.442
84.35000000000001	83.86	84.85000000000001	87.922	87.902
84.734	83.884	84.756	88.092	88.038
84.878	83.904	85.168	88.08	88.02
85.2	83.76599999999999	85.08	88.40599999999999	88.016
85.458	86.80799999999999	85.232	88.356	88.32799999999999
85.38	87.652	85.27799999999999	88.578	88.116
85.68	87.91	85.468	88.546	88.336
85.774	88.022	85.312	88.626	88.298
85.74199999999999	88.248	85.292	88.816	88.51400000000001
85.772	88.29400000000001	85.382	88.956	88.556
85.90599999999999	88.402	85.382	88.886	88.666
86.026	88.536	85.398	88.942	88.73400000000001
85.932	88.63600000000001	85.436	89.094	88.75800000000001
85.94999999999999	88.584	85.208	89.032	88.722
86.024	88.80799999999999	85.622	89.206	89.062
85.916	88.938	85.452	89.26	89.72200000000001
85.858	88.792	85.53999999999999	89.17	89.73
86.072	89.034	85.47	89.176	89.90400000000001
85.8	88.962	85.70400000000001	89.27000000000001	89.83
86.048	88.97800000000001	85.372	89.226	89.97800000000001
85.938	88.946	85.47200000000001	89.318	90.08
86.13199999999999	89.2	85.492	89.504	90.076
86.048	89.092	85.558	90.164	90.078
85.98	89.238	88.142	90.69800000000001	90.23
85.872	89.36800000000001	88.876	90.69800000000001	90.144
86.024	89.19399999999999	89.238	90.864	90.376
85.94999999999999	89.24600000000001	89.29599999999999	90.648	90.236
88.766	89.42999999999999	89.578	91.08000000000001	90.302
89.568	89.50200000000001	89.646	90.924	90.244
89.84400000000001	90.266	89.504	90.822	90.266
89.732	90.602	89.792	90.78	90.408
90.032	90.896	89.932	90.89399999999999	90.364
90.226	90.948	89.92599999999999	91.072	90.644
90.328	90.83200000000001	89.98	91.012	90.524
90.262	90.93599999999999	89.90599999999999	91.13	90.544
90.424	90.952	90.172	90.93599999999999	90.598
90.572	90.984	90.154	91.066	90.554
90.568	90.886	90.236	91.23400000000001	90.69
90.606	90.968	90.228	91.352	90.336
90.89399999999999	91.174	90.50399999999999	91.606	90.578
91.022	91.132	90.41799999999999	91.36999999999999	90.634
90.962	91.188	90.45400000000001	91.33	90.64
90.89	91.14999999999999	91.13799999999999	91.22200000000001	90.434
91.608	91.08800000000001	91.322	91.23400000000001	90.62400000000001
91.96600000000001	91.142	91.502	91.53	90.64
91.902	91.176	91.518	91.456	90.55
92.216	91.32400000000001	91.718	91.572	90.718
92.152	91.278	91.74	91.414	90.704
92.0	91.36999999999999	91.524	91.452	90.55199999999999
92.104	91.156	91.606	91.456	90.568
92.264	91.286	91.88199999999999	91.622	90.63799999999999
92.096	91.24600000000001	91.77	91.616	90.752
92.24	91.512	91.72200000000001	91.544	90.59200000000001
92.17	91.61	91.84400000000001	91.378	90.524
92.35799999999999	91.778	92.032	91.57600000000001	90.72200000000001
92.472	91.604	91.96600000000001	91.56800000000001	90.61200000000001
92.54	91.636	91.95	91.696	90.57600000000001
92.416	91.874	91.88000000000001	91.628	90.72
92.362	91.782	91.962	91.452	90.51
92.412	91.776	91.864	91.63799999999999	90.774
92.552	91.81200000000001	92.038	91.56800000000001	90.67399999999999
92.55799999999999	91.868	92.006	91.618	90.594
92.34400000000001	91.68	91.876	91.474	90.692
92.56	91.67	91.974	91.458	90.63799999999999
92.484	91.952	92.06	91.69	90.73400000000001
92.552	91.762	92.092	91.534	90.57
92.496	91.73599999999999	91.92	91.622	90.55199999999999
92.47	91.89399999999999	92.05	91.418	90.728
92.746	91.774	92.066	91.644	90.86999999999999
92.572	91.862	92.17	91.554	90.838
92.51	91.61399999999999	91.958	91.536	90.554
92.58800000000001	91.95400000000001	92.08	91.556	90.73400000000001
92.646	91.888	92.174	91.732	90.794
92.496	91.964	92.108	91.586	90.63600000000001
92.578	91.716	92.298	91.702	90.74600000000001
92.52	91.762	92.352	91.54599999999999	90.7
92.55	91.896	92.388	91.468	90.496
92.528	91.948	92.462	91.308	90.65799999999999
92.634	91.914	92.56400000000001	91.548	90.716
92.644	91.88000000000001	92.554	91.662	90.74
92.708	92.098	92.60199999999999	91.52	90.738
92.67800000000001	91.958	92.608	91.616	90.968
92.562	91.86999999999999	92.634	91.578	90.712
92.69000000000001	91.89399999999999	92.66	91.708	90.86999999999999
92.674	91.794	92.57600000000001	91.572	90.824
92.60199999999999	91.826	92.428	91.46600000000001	90.756
92.666	91.774	92.622	91.648	90.826
92.744	91.94	92.72200000000001	91.608	90.688
92.726	91.802	92.676	91.584	90.774
92.57	91.872	92.692	91.538	90.718
92.694	91.88000000000001	92.542	91.692	90.558
92.69800000000001	91.9	92.80199999999999	91.706	90.78399999999999
92.726	91.926	92.72399999999999	91.652	90.716
92.658	91.876	92.672	91.554	90.782
92.45	91.888	92.642	91.54599999999999	90.90599999999999
92.648	91.73	92.542	91.604	90.72
92.51	91.898	92.556	91.502	90.75999999999999
92.636	91.956	92.666	91.768	90.768
92.494	91.95400000000001	92.742	91.72200000000001	90.692
92.686	91.85600000000001	92.756	91.476	90.71000000000001
92.604	91.69800000000001	92.594	91.532	90.866
92.774	91.948	92.61200000000001	91.5	90.81
