1	2	3	4	5
4.735813094526911	4.037164061575599	3.8196933830485644	4.041389321122328	4.6113929928416155
1.7391915568305403	1.8771477590131627	1.9009115516072348	1.8740902541543516	1.8923507645306994
1.4496568112117245	1.6161952174228167	1.6435261626377737	1.5115756412296348	1.7177755610107457
1.254724325273958	1.3876546310341873	1.4972441559252547	1.2413404867472235	1.472338775234759
1.0969100556410192	1.1913858210034385	1.3767592004497955	1.06649702955085	1.2827523244006558
0.98491848094384	1.0427763955977258	1.2645475368975383	0.9543521459145308	1.1182658414706566
0.912925569602595	0.9317262686426988	1.1369354799580398	0.8630399742089877	0.9929836168313573
0.8514632707666556	0.8555483798236805	1.0150414443077032	0.8021237331887949	0.9098885274299275
0.8006655509819458	0.7957380569499474	0.9290158600758402	0.7437770297307792	0.8473063155513284
0.7634947572827643	0.7497020965951792	0.8601343125638451	0.701470251735824	0.8019624965270155
0.7294772315360698	0.71410960439221	0.8032151626808873	0.6728026450747415	0.759960835699535
0.6902999053220922	0.6832782692464104	0.7585586511418031	0.6461390192094054	0.7246633109534178
0.6750079190639575	0.6576227125761759	0.7247471752983836	0.6216925322399731	0.6961005279780046
0.6540728008655646	0.6342580675164147	0.6986139811518244	0.6021125396651684	0.6711506534110555
0.6342290152064369	0.6160244604053399	0.6747172301839985	0.5815572772946813	0.6508445134553157
0.622043442543205	0.5947284790713466	0.6417737465990171	0.5625813089673172	0.6302647775853688
0.5966424802532592	0.5815952791429849	0.6257712237365413	0.5485074268582533	0.6154529112379258
0.5843488330883748	0.565276245174506	0.6062526307295044	0.5364412804088937	0.5960299274348234
0.5711808813654861	0.5488143020578667	0.59291397534368	0.5264168117204898	0.5814886836292189
0.5597346832837595	0.5388745317983505	0.5741670653795651	0.5149488558092381	0.5672925061277121
0.5538491987816214	0.5274273253157931	0.5656538599592332	0.5066393012433404	0.5552814045678016
0.5403100305506021	0.519510918489808	0.5527919938649665	0.4990570670198606	0.5425210281863542
0.5320015719632051	0.5112012912855115	0.5416426767626072	0.48690874062840583	0.5394589336936741
0.5233127431339014	0.5035807797518531	0.5329259387824847	0.482774817044168	0.5237234980249039
0.5140648322642003	0.5010699625972592	0.5271895781654831	0.47500093003063254	0.5122535465775861
0.5118040412740633	0.483927392974839	0.514491967075621	0.4686414530819943	0.5108326367100187
0.5037377191626506	0.48339037021712566	0.5087714447542225	0.46191828162468906	0.501388815815186
0.4978802262822079	0.4821441422795395	0.4980850654184972	0.455743646835122	0.4957487747797274
0.484847144778732	0.4691451052418148	0.49747113841573914	0.45170929189533227	0.4850175240460565
0.4886274852258778	0.4659908990116071	0.4975444029664141	0.44434250521537905	0.48263265771786595
0.47614049370331546	0.4626570720501872	0.4818569013224847	0.4434157403000176	0.47600786361243114
0.4742049388873303	0.4514547695436744	0.4777589193771559	0.4382893651952523	0.46959108289550316
0.46211229703005646	0.4505810577927342	0.4732816300123856	0.43352003742361916	0.46484030619301747
0.4622215910640825	0.44802346757001005	0.4622948856457419	0.43121818645530924	0.46199637034055246
0.4558690373245104	0.44126925211580764	0.46292369140078626	0.4246671812232498	0.456407203470045
0.4464532905603614	0.4425755809716253	0.4569117232890385	0.41989437782246153	0.4510164589375794
0.4471587134749079	0.4342291664208292	0.4543403309324516	0.41861872119671834	0.4454162415793485
0.4418743510380428	0.43507998819698734	0.44578543797021025	0.4153001120175851	0.44224869046369786
0.44044979179606747	0.4290631691665603	0.4474148449995331	0.41183025551878916	0.43706177750511843
0.4377768146412452	0.42718898293459817	0.4420573023121681	0.4066092873854407	0.4372908055324992
0.2975582811609866	0.41863459543041553	0.4397164590066045	0.40535748999594395	0.43528321191020636
0.2505608538875492	0.4218414213956162	0.44154137834106255	0.4039738164533436	0.42745351433144163
0.22461017327921468	0.41691170834824265	0.43478873703638315	0.39917747885979665	0.426900144885568
0.21285969939302007	0.4159974839605032	0.4297909870400759	0.4020953221851602	0.4208887219810118
0.20206317945819377	0.4101388411372522	0.4256048899934726	0.3939481821968732	0.4190818831286466
0.18792686226499047	0.4077541857119411	0.4231836343055491	0.3891669114303709	0.41300002506474415
0.1819158832130529	0.40968793241874063	0.41718937399442235	0.3911477893286042	0.40958351399892423
0.17022601915213773	0.40548625870433935	0.42028315887426787	0.3844719465507572	0.4096821042735253
0.16714111686972397	0.3991145236641552	0.4172760548494052	0.3861256225792035	0.40810053847025124
0.16770045839421574	0.39696775334875284	0.4186468720817198	0.2416875365063966	0.4028098452121706
0.16059929330635564	0.39671857540717226	0.4091380003010829	0.19145429755568188	0.40441214699117134
0.15432903242995366	0.38972908426123815	0.4075085930430977	0.17359935177866456	0.39557390700063455
0.15481321724212688	0.39068922865421274	0.40791887445065667	0.15734054631246308	0.39390930350479225
0.14750369371431885	0.3914898139665197	0.4026944253526988	0.14966183695989807	0.3930797403883141
0.14698520532387602	0.38913450441549524	0.40281693435386007	0.14065234215401332	0.39165437088140737
0.14618933078882956	0.38722748951533886	0.40108555898337095	0.12765167970829605	0.2496881423246527
0.09627964636287122	0.3877544063512627	0.4004026405951555	0.12337560543928604	0.20266347786273486
0.07763752750957106	0.38061469572279477	0.3963119948611542	0.12145294055647554	0.18264718466173963
0.0703209004200557	0.3769787546542601	0.39296653653349717	0.11601678293455586	0.16840245015442826
0.062035562256184416	0.37924444728800144	0.39802645970031125	0.11753784197256384	0.15502153484679562
0.060306413961417234	0.37988936428523684	0.3918565711020815	0.11295502072633683	0.14784684931606895
0.055560618029226135	0.37816069475220293	0.3869070036484452	0.11026964335680929	0.1383646252324516
0.05433877185939824	0.37383788724994427	0.38663931392952583	0.10467106835616519	0.13002374190884786
0.05154749055100067	0.3721675933779353	0.3850519213149004	0.10934758316868406	0.1279909392089947
0.05035416046371851	0.37594118348472866	0.3803655068816432	0.10312701384429745	0.12554984973252892
0.04661275697467121	0.37350141560025213	0.3860206017866159	0.10129970291157818	0.11742769952510934
0.04305183569259959	0.3732110653310786	0.24139355094460255	0.06531073338330713	0.11819558090451736
0.04526340055381854	0.3664495226214912	0.19071415996612479	0.048851103686234555	0.11934015925621126
0.04080779518922578	0.3660533355020196	0.17333251598012414	0.04254163178565252	0.11426985025634549
0.03965846555845814	0.3615518099892779	0.15409750139812364	0.038175065279997825	0.11684304826399859
0.03991901044688568	0.36390291394480045	0.1474067375940435	0.036757400935834926	0.11183524748210413
0.03829326286740471	0.36448333551511775	0.13746062658555672	0.03368872444114418	0.07103456065649418
0.035849603550399047	0.3622660905198978	0.13171753183464552	0.03193672312437875	0.05545792637673944
0.03348866151764877	0.35873037389934503	0.12296540126242601	0.030754447645505365	0.04945631842593402
0.035184277917075034	0.3608864978375032	0.1176805072237768	0.028753498712044842	0.04522644821792615
0.03150753376772032	0.35892820678403625	0.11322227033698347	0.027596459450090618	0.04225757930551648
0.03125288352236878	0.35622250576458314	0.10640563621469172	0.025179387258408632	0.037838613014201286
0.03112876791592756	0.350863559967112	0.114544795602179	0.024910556933725878	0.03760890920868006
0.030976266573990715	0.3565205932044615	0.10777417849034757	0.023272194220777385	0.036154674885370504
0.02798555056800318	0.35102010840345216	0.06944446814963429	0.022628478936927245	0.0326621359847772
0.027977441830555803	0.3556389217943792	0.05749408889304645	0.023425586893201792	0.03231888644092378
0.02781414410666278	0.3578859366800472	0.054739725549736315	0.021021337122144296	0.030893770987382344
0.026488751139672837	0.21415645316662396	0.048006849282461656	0.021427216703820105	0.029667354496124454
0.02652711624665484	0.15812104464987342	0.04588073175257577	0.021154800129820933	0.02941721533913443
0.0254513404339247	0.13928778300924077	0.04428671507636453	0.019368834002777127	0.027840648680125066
0.025284009687888357	0.12666647373448556	0.03993917873029209	0.02016662720524136	0.026216500221996963
0.02528994007136129	0.11692853272913976	0.03917208560230331	0.017679797029337082	0.025528781192229545
0.0231995969734457	0.10910248461053193	0.037497405939356764	0.018357099553146187	0.023676106225117996
0.021131392201537365	0.10273666046273974	0.036432612439631834	0.01707815098316622	0.023279422655930304
0.02297163612264042	0.10014285955606672	0.034005860195440406	0.015372344042600869	0.023187764169996062
0.021647581687706828	0.0916364465356635	0.03481777080470493	0.014481721579304432	0.02305742037361082
0.022144032647009117	0.09239589128538468	0.03242324745220601	0.01535683146694586	0.021697089528603008
0.021621379553509495	0.08413233886689635	0.03104145810141435	0.013991765677928928	0.01860437725606326
0.020430359860782118	0.08179588675918179	0.02842676994459859	0.014622144872689497	0.017449914025204724
0.019813081680718433	0.08670927792825651	0.029088697381927375	0.014133243509532547	0.018635487922317232
0.02015134565951421	0.08249706605835185	0.027530080460183452	0.013843384464187994	0.017302512855785896
0.02009599684925793	0.08387425461845939	0.027733147935108164	0.013516330279295557	0.017711567466178222
0.020330017287274616	0.050395178391843466	0.026501641008536084	0.013955531252400422	0.01704851779467461
0.017017883467761903	0.038790277512672645	0.025057969700611766	0.013485531930042347	0.017156004286406925
0.015937503055690815	0.036158094837632805	0.02452767968101575	0.012325972113805976	0.01627801362034459
0.01513281816383228	0.03218951806083054	0.023241743097639156	0.012838000927091859	0.016329675412658198
0.014612418323126446	0.029881909294315917	0.024223269613655018	0.012488163431244129	0.016467647017229848
0.013832113886599802	0.028323333172122822	0.02347505430374152	0.012198521834238408	0.0165442754145321
0.013460970328896853	0.02536614772761265	0.022152781958127272	0.011784221019471998	0.016345707197075763
0.014326881210002902	0.025042326549244355	0.022136753565534156	0.01258119925037217	0.015773488599282993
0.013526679528758042	0.0246341527699281	0.021134418061436594	0.012435756125928048	0.015404744688278576
0.013542029908989239	0.021790550673937863	0.020338984265866333	0.012407759228325864	0.01601234590039229
0.013152849493676908	0.022620021758596297	0.020631188817341304	0.0127206351369848	0.015647177610670217
0.012882132267774741	0.02029910775573207	0.018782231666128635	0.01189096402996184	0.01625737333979904
0.01299033182032425	0.020691459564982764	0.0201294120827504	0.012489533633031803	0.015019927452535118
0.012535522494207871	0.01921239117031817	0.018341139844997446	0.012237285891466821	0.015230021613371341
0.01247746843958983	0.019395445903424926	0.01642707514498013	0.011955328647742779	0.014564522439637762
0.01157774501349158	0.019297096606753668	0.016466295046498387	0.01230637859219633	0.015077944244722566
0.01207753598256527	0.017690960951435283	0.01519788803099214	0.01276513546838632	0.014205485922963258
0.012635350351214715	0.017037773215452506	0.015454506921960653	0.01281358535065675	0.014619992445687503
0.011994112168660254	0.016801529825972324	0.014790127206298399	0.01253889102841277	0.01509496942162513
0.012405697992333507	0.017210820821992805	0.015329578262575149	0.012406478597856388	0.014516703994072906
0.01236784371935651	0.014594384974054506	0.014929580175891863	0.012895638925854653	0.014353828195034701
0.012214455124743465	0.014552944616112097	0.014829607337446473	0.011905037019106432	0.014120371815750894
0.011953305579302704	0.014304503155372024	0.015365183320077469	0.01184951062397579	0.01452145726322328
0.012224503642762712	0.01294087154595444	0.013690996029035512	0.01233597946665286	0.014819339136866958
0.012768693879256235	0.013760628783718101	0.014130042210850109	0.012438684578060799	0.01327976780941191
0.012063335275987299	0.013543570326055259	0.013752630594974894	0.012503029323657	0.013777110368356393
0.01211877337292484	0.013166162414033246	0.013967311833901784	0.011865683738380442	0.014579493126086413
0.012134575530353107	0.01373708400341784	0.013521874714118743	0.012721990568615747	0.013565810225770596
0.01263606455891638	0.013631206701326247	0.013912514642909976	0.012366844360214057	0.014427757124080691
0.012615037295976876	0.013149090468540512	0.013417099221416607	0.012720587994436467	0.014068791152113841
0.012552254568890229	0.012506381724067893	0.013898700542385928	0.01203778987783758	0.014192861078492824
0.01266320346070982	0.012263721984137057	0.013695723679669373	0.012177709975968235	0.014180387172590734
0.012137814551172665	0.012047218187423934	0.013336759458398436	0.012773779871137547	0.013565213507627277
0.012273867569311186	0.012209338629070442	0.013632828906854933	0.012416967833319392	0.014174276843781364
0.012248037516346674	0.012405216786772246	0.0135953979009329	0.012544673966372476	0.013624344037755217
0.011786700750384337	0.012419885834274079	0.013856712803768599	0.011690312205716157	0.013601281771869842
0.012531482226327252	0.01200472915311679	0.01330817267393974	0.011893949166530995	0.01459599935147159
0.011846725902784504	0.011931515839474889	0.013526295090232369	0.012540870429495414	0.013993083494608198
0.011851789503622702	0.011364186051613684	0.013392809063882169	0.011889407404071992	0.013433673773961293
0.011881558155483763	0.011894741072974476	0.014031378035445486	0.011993699859532404	0.014130979566775328
0.012737917019497327	0.010875976389593174	0.012997806491449368	0.012617689504971748	0.013786808101703288
0.01191439725401456	0.011743534403993647	0.012713186647695348	0.012086356780432237	0.013699215186564515
0.012247610275092937	0.011501389829551468	0.013165011508938146	0.012226375148576846	0.013918161058746032
0.01207128104508456	0.011942039498740151	0.01305141389522406	0.012134031367623982	0.01370465686387572
0.012113957048948768	0.01137170090775966	0.01388725045058505	0.012161995385490041	0.013167601116859086
0.012317739693862394	0.011300933630684446	0.013804217162149033	0.01219111489717994	0.013766689602371367
0.012713688428101633	0.010888459534882121	0.012763441430733487	0.01270253481843587	0.01383828792883002
0.01236930783228268	0.011101101618021946	0.013365068308570816	0.012195001515890936	0.014409578950775562
0.012261422846437728	0.011130263585873577	0.013364262540665129	0.012060412970345331	0.013820416637031782
0.012350017306111427	0.010762227575301816	0.013406448912404273	0.01246928902881225	0.013715085523474543
0.012488320079224798	0.010789391768100622	0.012674683657334275	0.01187551635629533	0.013410961850905966
0.012561811710638766	0.010753161543051303	0.01278067486422599	0.012610476752242927	0.013520629239290042
0.012187474553742451	0.010933662869531622	0.013284876212582486	0.012781294258049374	0.013953487567432088
