1	2	3	4	5
1.6612563745102018	1.6704839867399162	1.729845931119931	1.6166785034682123	1.5970189620161925
1.6035373488350617	1.8043960012743234	1.7819278587770584	1.766319994731327	1.7700522131932062
1.3889619682146137	1.5688594918116887	1.5796513719022125	1.4610080228132365	1.6478096670506857
1.2157197489457985	1.3521040876198311	1.4537142911530525	1.2060556997118714	1.420079676391524
1.0733825250354863	1.1701870121614406	1.3474758293317712	1.0400583917832436	1.2483808003423154
0.9688760411099097	1.0322571977629982	1.2481283736046014	0.9356472699538522	1.0882366734087612
0.9026607895446253	0.9258162548474947	1.1234216549817255	0.84945909980008	0.9775885933500419
0.8462951197038829	0.8524365885483336	1.008732007287653	0.7927188537919615	0.9019100374882785
0.7976383697956118	0.79652416690841	0.9250056158246284	0.7384120866160871	0.8435193550251329
0.7628097029598169	0.7524807000404123	0.8623482449280326	0.7006294074875616	0.8016561620375684
0.7307658325070917	0.7174099705103413	0.8049652716692755	0.6704756930051252	0.7634014839406519
0.6969632201487453	0.6880909887421162	0.763411457276405	0.6485787765754153	0.7317807651541725
0.6803195912514807	0.6641935038444639	0.7327440928315262	0.626092009989502	0.7015610161949615
0.6616526217106965	0.6420806975620786	0.7047616901909907	0.6075656953675058	0.6809458301195407
0.6448791001154033	0.6237292756205021	0.6819275291374575	0.5904625792942394	0.6586957706514829
0.6342338194017826	0.6042176271643476	0.6546096193516039	0.5741758595799545	0.6391140094498541
0.6091865394883755	0.5929793813039578	0.6368944465046953	0.5600035602936666	0.6296509556148362
0.5978089557279403	0.5754064813141935	0.6177575275721146	0.5482785663641321	0.6069931631807777
0.5888311269947943	0.5617656728343277	0.6059727816630508	0.5402115285396575	0.5949016514489109
0.5749294055849692	0.5514001504082209	0.589139065321754	0.5287904260713423	0.5822445149616822
0.5699875936331346	0.5422984079631699	0.5819829624632127	0.5207360734415171	0.5699407379797958
0.5576758657574961	0.5329057878393044	0.5696665074514309	0.5162620971269919	0.5586115979325128
0.5503590676333282	0.5252362736655617	0.5552599696856941	0.503174927914539	0.5542802885365307
0.5411460948417252	0.5198481678962706	0.5496986026654156	0.49970282595175886	0.541303725651158
0.5318283419627364	0.5174782089412676	0.5431207421490605	0.49166386923216787	0.5271851515678494
0.5311085574157409	0.4999245543156746	0.5340284388845838	0.4839120028573841	0.5279270049251257
0.522000322104109	0.4991150473237343	0.5243818510676282	0.4789546995669067	0.5187379232300516
0.5158362204918778	0.49746822937370255	0.5173406998062374	0.4727518111848467	0.5115480367332464
0.5067213069447475	0.4861289211703686	0.5153404080197024	0.4688278517454788	0.5028490679495782
0.5065380782270062	0.4841650917249566	0.5128763340165857	0.46282827854156516	0.49916732334115
0.4970890250809663	0.4762186661858082	0.5023281545285375	0.46099382844727366	0.4938829653250894
0.4922993681619842	0.4712890605335039	0.495727195916578	0.45504593239415947	0.4865377017146793
0.48263173731391695	0.4681107598497436	0.4917173145524682	0.4514787928832463	0.4834834230525414
0.48282053144386683	0.46314066465553433	0.48197459999252756	0.44786184027676684	0.4785770725106338
0.4735284795998917	0.4587472629973956	0.4806953843139932	0.4433932597070096	0.47357676500249696
0.46761203505803844	0.4576359162550139	0.4756117112496319	0.437707173321253	0.46855019486468785
0.4679447842376005	0.45370775339243663	0.47165460446301655	0.43597409060544035	0.4642549554252869
0.462070386351832	0.45155517090007175	0.465772479315243	0.4330610629085384	0.45964421000322114
0.4608844080392052	0.4476062296449069	0.4654875626344509	0.43034426391582065	0.4556026259804016
0.45534403039061505	0.4435714320910862	0.462563236808533	0.4267087897376333	0.4539436210146948
0.36753985323869365	0.4363648362476808	0.4596879960935743	0.4230237400440303	0.4548731401295919
0.30911287337617827	0.43921232132045834	0.4590485290340755	0.4205838909844303	0.44559616856562834
0.2765554084878444	0.43403855347267495	0.4522357316273254	0.4168650634453424	0.4434641442640359
0.25879380575683697	0.43423162511242613	0.4496317963161128	0.4232353160295948	0.43862450420094307
0.24697195782380932	0.4264567385396689	0.44527227105691886	0.4098518269751076	0.436937877055629
0.2323217153015649	0.42711404461385033	0.4416004558048593	0.4091831825273424	0.43205013383379953
0.22379961998566322	0.42488021138683935	0.4378142213577507	0.4076463860623979	0.4261207661360426
0.2130283993833206	0.4242629510972198	0.43840723955417826	0.40432664005042945	0.4297874086653179
0.20793599702055787	0.41619615435905166	0.43585762549239343	0.4039270326761945	0.4262725022595249
0.20381998470829557	0.41469023523428244	0.43709083774205687	0.311803466371258	0.42186247486897416
0.1984897665203075	0.4147387480796757	0.42754029328255966	0.2466396581562585	0.4192992173649771
0.19240383224566562	0.4092212366630967	0.4283546172749356	0.22052840499774273	0.41577989145008215
0.19037535392186208	0.40713792277114164	0.4277401980384231	0.20180661035010897	0.41529585409652225
0.18739817525877078	0.40842715302086874	0.42132702500314073	0.18963004980245834	0.41220032894397945
0.18167542264132253	0.40957898191173936	0.42285392854524684	0.1795119670841395	0.408718314317181
0.1815990462441883	0.4059111782352029	0.4201441608426516	0.16782608437721075	0.32034332463351056
0.1475136454986489	0.4028596412342833	0.4213491098197829	0.16032897528556309	0.25759019708389513
0.13175094798397824	0.4005310314390668	0.4137220561809247	0.15735644008726107	0.23142989768701444
0.12401447744320725	0.39517385773646535	0.4132578551311932	0.15142714495168	0.2121748904819073
0.1149318394491739	0.39723712914740056	0.41659090220165973	0.1488023598861817	0.19716380517501061
0.11055500514786261	0.3950879438911251	0.4128265931935566	0.1462432658275986	0.18675194253854438
0.10615466230208306	0.3977813877717918	0.40724777199728124	0.14190051100595544	0.1792497675856361
0.10128233455064357	0.3927352768380929	0.4052054595459454	0.13873606159940102	0.16875294512113947
0.09808701156731453	0.39009684530060595	0.40252410374639	0.14065615865199463	0.16381155379364254
0.09588774499457199	0.39459855804967786	0.4024999442002962	0.1357449560480959	0.1591103750917002
0.09074029453155939	0.39122978569296646	0.4062375522330593	0.13464931263338265	0.1545593929679499
0.08779968653836524	0.39057636687822717	0.3085441874040056	0.10595458549687922	0.15010384094837076
0.08748047646430446	0.3852629333048525	0.24805006442015126	0.09016363135041176	0.15110337673245783
0.08335184823254788	0.3842793023952133	0.22341179447558218	0.08351359985139974	0.1466200742918206
0.08179419405777438	0.3816349787632828	0.20159892375816776	0.07883069760468613	0.14934335239326857
0.0816490051558103	0.38161525015940734	0.19113275309657812	0.0755267460613757	0.14346401431523934
0.07873092704188188	0.3807410635149387	0.17834696179384477	0.07231084032512988	0.11517018070230087
0.07595435312718077	0.38130043778578027	0.17181087437721773	0.0689226404080153	0.10037765072663421
0.07391396759416126	0.37743229512363446	0.16307305921907625	0.06712614659153285	0.09378442063432214
0.07405474431374484	0.3803325909787737	0.1555577015975857	0.0649396541916653	0.08853743109099392
0.07070943348281226	0.37697024464302337	0.1525100552860428	0.06182767847157497	0.08426660836657603
0.07023617744331469	0.37321686607492566	0.144495008337071	0.06010508435347196	0.07929774569085489
0.06787389633067124	0.37129616554435846	0.14661987758505987	0.05808131850284076	0.077322938081706
0.06700179971697383	0.3731467406768021	0.14317713757914968	0.05731473211913613	0.07495625656279148
0.06510232696714616	0.37179642412668623	0.11667158803366633	0.0548658274790591	0.07192492720378015
0.06356408792878974	0.37338096101570645	0.10357563599677345	0.05516751301582059	0.06924132367267324
0.0630578039942876	0.3743317315493092	0.09729981890229313	0.05249285201549223	0.0677251774446129
0.061450292744561874	0.28406786983427806	0.09230042443327274	0.05187227662719425	0.06543584592888116
0.061450330526246474	0.21540440603747693	0.089429368362631	0.05093699733695717	0.06437940110483435
0.06017266695513901	0.18693826273274236	0.08622869594818185	0.04984486305042911	0.06296566975257742
0.05902808311554936	0.1705035932571686	0.08245499011919923	0.0499413646471775	0.05995175406298675
0.05898857212451565	0.1579064659183592	0.07947841094201791	0.04738302903769112	0.059607547948427514
0.056673706773563724	0.1484452381806301	0.07816899698370558	0.04744422106105653	0.05678290925214966
0.054417946492619516	0.13951978575238197	0.07646406786825952	0.045855242492216626	0.055820581743784264
0.05539370574476319	0.1350614177372753	0.07227283337956197	0.043216708609286426	0.05573177862140679
0.0533673785474447	0.12723941548401127	0.07174172071392272	0.042359160011648495	0.0547024716797006
0.05355209148848608	0.12434090551970259	0.07006011162991717	0.04225587018806001	0.05322460978365767
0.052925243216288054	0.11866693922778218	0.06791398258846434	0.04093835460941507	0.04935403383048749
0.051257143454516645	0.11466323933028195	0.06514017438739919	0.04160611562507083	0.04767877046885851
0.05049776155358691	0.11624059800411121	0.06519393267495854	0.040853389083881815	0.04962065238553242
0.05096187600222847	0.113795001640954	0.0629090354599231	0.04092976923965278	0.04713836850126839
0.0503887415380048	0.11360197522870422	0.0631150925470054	0.04016329408349361	0.047236611999933405
0.050232024534660226	0.08854699939908577	0.061504876998531896	0.0402794329501936	0.046950451629545975
0.046492651447920565	0.07666976399281446	0.05851374235947417	0.0391467689962872	0.04672167604536656
0.045184976276000766	0.071966688937086	0.058876154734693584	0.038932713244081756	0.045410316499412226
0.04272409907692224	0.06677295218991193	0.056188683509064426	0.0393015544556672	0.04582887416815057
0.04220054133811873	0.06474384484941244	0.057379367215859026	0.03889363760943227	0.04636141538257947
0.04202116107391888	0.0617578952570858	0.05594329413055154	0.03845299678899901	0.04478591942059261
0.040888739201952455	0.05977137240550247	0.05371510488031159	0.03804589536927086	0.04511408828427575
0.042110807998367875	0.05803401778687911	0.05377327660789424	0.038915905515518066	0.04422235666104901
0.04164172585605812	0.05640909782208292	0.05300215943275813	0.0388246300484976	0.044151026202970754
0.040618115059478814	0.05365211369417361	0.05079605321750009	0.0388426941907619	0.044962243460442676
0.040189904839638864	0.05334021163928084	0.05148008436707737	0.03878420909099722	0.04510016570253597
0.0407294623191704	0.05092808298880944	0.04927124381255922	0.03794798879024319	0.044860717599920885
0.04026232082444385	0.05043192088241923	0.049685353679996956	0.03931613622800162	0.04311410393899361
0.03938044249639867	0.048889413573648156	0.04818532440115883	0.03813612033777377	0.04359175117633989
0.039447576993757213	0.04837906004294105	0.045376639246292726	0.03812479857555433	0.04293824556995843
0.03824735215157653	0.04787793355372254	0.044426585764378815	0.038716747599375205	0.04382590364064559
0.03868867007686812	0.045851560662050345	0.043879072017529455	0.037911290550590164	0.04284957225632179
0.039024399302880805	0.045091566196202165	0.043600336069722315	0.03831263582991522	0.04310715606774358
0.03847281884906999	0.0442726378760222	0.042841553630883725	0.038768095404976784	0.04294321859431693
0.03880652630954142	0.044671281829209555	0.043690069862034005	0.03848341299349543	0.04308997984985104
0.038963362007685354	0.042298044790239894	0.043643255930041404	0.03910290125919423	0.04289460798149069
0.03917362900865277	0.04148770442894659	0.04260052669593283	0.037573293408812485	0.04260025185335169
0.038636953977253446	0.0407638437093219	0.04327640837282323	0.03821069166026152	0.042466150530044676
0.0390619467943907	0.0395545801505103	0.04127588993429071	0.03863808074418235	0.04280505040684319
0.039000479171000156	0.03929406695563316	0.041793908161656644	0.03832404980259707	0.0415027230368246
0.03820722461070705	0.03957615264446075	0.04137683438275324	0.03808598396608896	0.04226967620441824
0.03850053793386273	0.03902016376214258	0.041560752541207883	0.038569024275711974	0.04247991708309754
0.03813282881989654	0.03961700293928609	0.04072537795757241	0.038057902070415	0.0418798124031795
0.03930980093834347	0.03929913373868862	0.041302398642729915	0.03776317409923314	0.04203466175938657
0.03932009797895806	0.038733661265286316	0.040802390598084645	0.03899458109322566	0.04254042952204757
0.03917582269253021	0.0379560745185446	0.041251172352096285	0.038555834032690424	0.04210877229395275
0.03870434578403337	0.03770821152583641	0.04102282666260626	0.03844330639666533	0.04195341337329285
0.0385963686401277	0.037593385919242536	0.04048143150022879	0.03817388429151625	0.04162032579255226
0.03873789576275266	0.03780745497673673	0.04074942225309284	0.03840624436717054	0.04215744646537638
0.03849087545500543	0.03770655737546705	0.040589402246353226	0.03857631986613013	0.04123574666097725
0.03855677423974899	0.03754078577536984	0.04134286180271974	0.0381816313232836	0.04139178560194001
0.03902531369491614	0.03764593111270148	0.040635104122026214	0.037636382286162944	0.04280094470342867
0.03864523585971511	0.037039633887960444	0.04073892060257595	0.03804791510543399	0.041343558636848896
0.03843167481367547	0.03679748440204222	0.04076951622600903	0.03814606657704277	0.04159207794996325
0.03813091526403453	0.03647955179767083	0.04094410983993271	0.03789647460422096	0.04226550218337183
0.03886994692828036	0.036177826688036575	0.04029096770660044	0.03860824567544489	0.04198820457395995
0.037865937013379154	0.035653991150715006	0.040348538957402806	0.037612291862783184	0.04183925135666144
0.038924180985907164	0.0360881160811314	0.040571312684460986	0.037858106224509434	0.04189969043788094
0.038466364969416	0.03666130376651004	0.040144822310151373	0.038807494661120503	0.04127706691165408
0.038064387336354255	0.0361993413637666	0.04128832039435196	0.03829722659057364	0.040682874057832594
0.03842239342915738	0.035465036392631155	0.040147925634175324	0.03828654140996199	0.041252754223735456
0.03921214839838958	0.03522526498055061	0.03952487105565609	0.038788374522915274	0.04129145281089236
0.03906486552122915	0.035713123500613925	0.04021310575706574	0.037930519601134804	0.04224651197776616
0.0391714428277577	0.03594930371379149	0.04047659573995547	0.03832851368886278	0.04183195162173888
0.038667201771951064	0.035117505413606344	0.04057741712521562	0.03857832691153447	0.0418427308635486
0.03866595877787036	0.03474421450472856	0.0397794441227108	0.038151804610248405	0.04135509380770613
0.03877435319716365	0.034913639799999015	0.04003525872612396	0.03845104303620662	0.041467825446249267
0.03874557378137354	0.035461383707383096	0.04044318796061647	0.03852217453901114	0.04180289238519831
