1	2	3	4	5
1.3778774090435197	1.3953595749862362	1.3724895220278464	1.384437616523879	1.357417304649988
0.9073314714004928	0.9299090193665542	0.9431847057988879	0.921009921661728	0.9204577879832533
0.7122356156863829	0.7121945718670135	0.7337689744237145	0.7122209021807326	0.7262815761444216
0.6195709828830439	0.6194894646134825	0.6240301536934456	0.6170787670270865	0.6277470070382821
0.5603869153410578	0.5588222922723928	0.5643184063837046	0.5603899955749515	0.5669290449308313
0.5134492521853098	0.5153870091718781	0.521410964486544	0.5199464794315035	0.5226777134191657
0.4834611653671849	0.4841664876322001	0.48574477464646637	0.4905130926452937	0.4939551223879275
0.4669655487512993	0.4665898491659432	0.46533045264156275	0.47435522224287235	0.4760565946016778
0.44749682158460397	0.453990298540086	0.4552798558531514	0.46527502878242744	0.46277627623294604
0.4350248569875117	0.4389745291998926	0.44203451390156684	0.44736881900931236	0.4496534589458918
0.42923931827020756	0.4272229882609813	0.4299017806797079	0.438728257670732	0.439512851521792
0.41885790625191727	0.42009579662776664	0.4262787104415161	0.43099921644496175	0.42832928819729554
0.4148038086836295	0.41793429950618965	0.41666785698107767	0.4263609638604363	0.4239964773282979
0.4115438296666842	0.4099367761703403	0.41189259054410804	0.4210565663359659	0.4177246602904765
0.4051360422388063	0.40960507708437327	0.40585677268559994	0.41176371257323435	0.41048808895108657
0.40346380229801154	0.40678750165283223	0.40815675578763716	0.41216591717032225	0.40864112355824955
0.4000811754437663	0.40146727680855093	0.40498616879858335	0.40872476777762096	0.4082380936426276
0.39776215102056695	0.3995769625277164	0.4051609726055808	0.4086702685526874	0.4042839876678595
0.391502150870345	0.39483677784500226	0.399887362328332	0.40096895484363315	0.3947661904727714
0.3929638268850041	0.3942755972180527	0.3992375241368628	0.4046572768474785	0.39834624025827786
0.3929132429687566	0.3967995698494679	0.3981250032896888	0.404096283037644	0.39812145025833795
0.3960241565618979	0.3970787385692989	0.39908020263132843	0.40238289500746277	0.3950863912739718
0.39366042827401315	0.39816924883886357	0.3973168411370738	0.4032157220498985	0.39515619646862676
0.39665434656240744	0.39678054339135665	0.39906575284955487	0.40243876468190165	0.39538099790168213
0.393816419803273	0.395964826311907	0.394061193365575	0.4019834603495001	0.394710988263645
0.39387912876770653	0.3963982416388324	0.4012819115463119	0.40754261933019376	0.3973380969765849
0.39183588306922157	0.2871751492971657	0.398339363467663	0.4026641856374031	0.3956211902906214
0.3974414083658886	0.2225742582088846	0.39967612461055946	0.40284128452810797	0.39630492225937225
0.3948775295101466	0.19647581917245677	0.3963037596639158	0.4004024465370666	0.39350063546234393
0.39163358841100904	0.18142695665893036	0.39767369467888936	0.4015680567535293	0.39192946205663565
0.2804426052000217	0.1736154748541313	0.39860043714723326	0.28665700699667157	0.2823189681067189
0.21835859714414146	0.1671887200582974	0.2770167130719669	0.22512148640802143	0.22050690807192516
0.1975054670973203	0.16130563616752613	0.22132278830194116	0.2046272674256273	0.1970862732137867
0.1803255779930699	0.156586834250966	0.20146309712049004	0.1914089083900232	0.1835114409399157
0.17281242332342633	0.152327715435906	0.18766378632286926	0.1806668625844408	0.17359698422805725
0.1661835513113406	0.15102148305653307	0.17831499230526288	0.17335045499646137	0.1667284729611844
0.1602973592136522	0.14795441285271177	0.1707670882039363	0.16897883553943996	0.16136297362539762
0.15798831157519688	0.14874474311728617	0.16497717906370785	0.16255463345352653	0.15763309683717444
0.15053789325229963	0.14640419972141086	0.15942304047858324	0.15975695253942943	0.152266359961856
0.1542573054618848	0.1492432510608907	0.16096444645196278	0.1613386096933003	0.15583507387000892
0.14990895313908675	0.14827998878096094	0.1572996731228232	0.15808154179540732	0.15317919231055643
0.15013335532773187	0.14974882977697856	0.1559594249557656	0.15750841716366346	0.14998748288739983
0.14675731960769808	0.1453411238615776	0.15178788169418156	0.15406092696482593	0.14755145214555207
0.1498370773499579	0.14449278962657863	0.15613647914298656	0.15575036591352415	0.14915480624760505
0.1446370272456533	0.1439289370232531	0.1526307048052168	0.15343753681006042	0.1435046659406188
0.14473882086975198	0.14484106663547816	0.1513217835284561	0.1520303100576181	0.14401209914623322
0.14691378669741822	0.14920880515938212	0.14858133210550484	0.15386067397530415	0.14828267192368005
0.14793383951306038	0.14649022084748953	0.15173451853987516	0.1533133828883891	0.1477395220066581
0.14828745391972517	0.14566908283230598	0.1518336945901747	0.15364868170998588	0.1458226098390796
0.14511304773638017	0.1442409621746948	0.14826671060774926	0.15108317704609278	0.14721530146153686
0.14593507888753096	0.14591157661222126	0.1524609532159614	0.1555870312368474	0.14670875085436783
0.14944493648646134	0.14819453281286124	0.15332096676006346	0.15017367491636746	0.14874580414856176
0.14498071471596008	0.14427512735509515	0.14815719202732483	0.15097582763265774	0.14431437415540066
0.14899936484177703	0.14386195510320957	0.15291463985772388	0.15564783346241404	0.1048277103153946
0.14543032699533737	0.14369177326674365	0.1478040235121842	0.11028495361394894	0.07947293779505488
0.1465023700957713	0.10167762059766008	0.15031521054713626	0.08784193666580384	0.07088978197473246
0.14635307176033863	0.07666268539341055	0.14804121007776025	0.07707777748937197	0.06384884219740511
0.14680550455132427	0.06547112292741113	0.15098067674109408	0.07077690155800348	0.05831513122734057
0.14442775129814583	0.058561356480964624	0.14981810020668715	0.06394940277899781	0.05351701990970413
0.144477733927767	0.05226815976393036	0.1456934605984738	0.05856526912192402	0.050174077243908606
0.1443141412247173	0.04811990437814798	0.1460636875132466	0.05617455913282721	0.04749051377158181
0.1021133072369391	0.04467516804061582	0.10559043517845981	0.05154656964208918	0.04515884271191666
0.07719444648346026	0.04208506203597156	0.07961257771038648	0.04951226729375628	0.042459870462336805
0.06740569183245648	0.03997375475971594	0.06908638360898209	0.046411029079838455	0.0414714258488106
0.05911036028676785	0.03942096429160029	0.06200016952117388	0.045236127284329256	0.03999873966007202
0.054712598052476066	0.035766738390697723	0.05601744065561413	0.04308808024715437	0.03755448547089502
0.049941417168054156	0.03543803596492771	0.05255978418242595	0.04170305951429371	0.036925706259734854
0.04602325388023157	0.03304805122601714	0.049323610994783815	0.041026326534731296	0.03563612624717032
0.043091090198348996	0.03269921284159427	0.04718365558349262	0.0398483649277321	0.0345881687705893
0.041404922418963264	0.03205990641975724	0.04406704998972925	0.03789913149364767	0.03428199553571621
0.038962198416595296	0.030777394404763455	0.04132605036315715	0.037193415338730836	0.03327292462815637
0.03666123753303993	0.02907777540242807	0.039991016206724586	0.03714627964788918	0.03173100572946431
0.035662710068799765	0.028509496677847922	0.03820140542143294	0.03576297161009762	0.031259617070331584
0.0335166831417462	0.028072637703526963	0.03709664112409512	0.03566678087500962	0.032095408257659136
0.033125856252925474	0.027945944794055877	0.03654816650721191	0.03379307009870442	0.03106290778940748
0.031710063228788596	0.029352595341270365	0.0345767675458318	0.033659961991621856	0.031390835957415895
0.031588600979417646	0.0291359205813626	0.03463272288289219	0.03403249423465001	0.03139845833963597
0.03116616802028074	0.028695906047968924	0.033002677497446835	0.033135113508804964	0.029771904082363822
0.0302298504578145	0.026594818774563114	0.032030502165122245	0.031656984623302416	0.02933114076323823
0.027934641567775805	0.026243748424379435	0.03134670998196087	0.030675275177430458	0.028466863376672005
0.028431818977741507	0.02683176370361423	0.03181143255327893	0.03116411286765885	0.02938249762720234
0.028744523144324727	0.026423752022063943	0.03008987595710682	0.031946729439908596	0.02975292858736746
0.027925383085218226	0.026126624187430756	0.03034665139244338	0.03185891162346851	0.02817687839079084
0.027296338761534998	0.025692201641095265	0.0293096791300208	0.030166852759564163	0.029837198160074224
0.027628713654225593	0.027279579840467104	0.029785787474716573	0.030264178941221652	0.028603017282531677
0.02616509850925343	0.025115467924767605	0.030091278276422908	0.03071886004494203	0.02782034249190252
0.02621821860504119	0.026000914535463757	0.028140091537343107	0.02964312749464645	0.029019170414532548
0.02575926965964799	0.026250392994116942	0.02776742855425152	0.030201377752034565	0.027128261840328242
0.025087408800049688	0.026192212458271198	0.02836808727106169	0.029997218993332884	0.028136675315134974
0.026022308279791156	0.026998242322841422	0.028135891439264534	0.031322812718694144	0.02737559362188402
0.026224201216417203	0.025915807258347263	0.02816043989470853	0.03040391923454793	0.028386610140904888
0.02677495169508107	0.02200304795904538	0.027221757742335734	0.025554752196459217	0.02982600805494942
0.02767555458266336	0.019969340332824256	0.028113298296756916	0.02304204879209513	0.029650405535231447
0.026962848682709224	0.018584959201819604	0.028016149228357747	0.021823875843059008	0.028450781369910527
0.025509125095746852	0.017751629248766408	0.02811236932035296	0.021172185146185518	0.02419581633689992
0.025999139999146676	0.01814592370282278	0.028090491714646774	0.021005930367123594	0.021653005238765333
0.026119421693541665	0.01679063757733845	0.026243459333277413	0.0195605662458426	0.019780030493121912
0.02476925188032409	0.016830068434138434	0.027157662357763394	0.019386701747927514	0.019540404707974652
0.02510152212903857	0.01645357293002976	0.02354141447545432	0.019167191932535233	0.01899138338925779
0.025351548950900055	0.01582347882954437	0.020666653816790698	0.018895757406035354	0.018055423624965993
0.020982908115953262	0.015487880646096326	0.01943335908076838	0.018038144213673866	0.017255481270611137
0.019365667332144787	0.01587381731371022	0.018339940265792876	0.01767709069763837	0.01733543674754519
0.018722376605148056	0.015787962203621476	0.018794919137873917	0.01842557221693951	0.017202843144974278
0.01783277596587605	0.015236649204931603	0.01782146884757273	0.017946433729689834	0.016572558687871226
0.01710803038262003	0.015143111635170998	0.017291242805788358	0.017921023954496806	0.01631907412372624
0.016647202253360742	0.01448539287075782	0.017463872265165947	0.017076914089129248	0.01625601201534959
0.0168211071721047	0.015258791414625437	0.01713502927161659	0.017307489420837516	0.0163131683047794
0.015591387619095306	0.014591028875745161	0.016674863522314957	0.016957738961967277	0.01571006362762331
0.015894357428250024	0.01437113708590187	0.016364320137245026	0.016498669567506032	0.015791013942855165
0.015413209857881222	0.01451289411658026	0.016429038588529277	0.01607582541754292	0.015475882392357603
0.015255066039769533	0.014101820995511919	0.015722664844844955	0.01643819808650315	0.015081672883971269
0.015280607898417106	0.013899420259420365	0.01548172039982608	0.01614800922315368	0.015146398296355824
0.015048398356408336	0.013797374412445997	0.015372726835234232	0.015343227404672314	0.014967050888073043
0.015044552862377426	0.014094568642518481	0.01612955399686495	0.016219293111530326	0.015226201993911084
0.014535206572517107	0.013579774657478727	0.01527173773330801	0.01533662556977872	0.01431019896703303
0.014745218167200572	0.01348892142853278	0.015358328390533058	0.01587937032337042	0.014579045417173135
0.014525603067101265	0.0139722408312361	0.015621023809970814	0.01559147755960788	0.014718205148778156
0.01423993081931034	0.013728737763231599	0.014957704580129341	0.015310624858502611	0.014348916764206746
0.013919207294855043	0.013210140121028856	0.014690248674386761	0.01514336050790556	0.014125118641863995
0.013908855201404958	0.013142045290754814	0.014687553542377926	0.01511462349468447	0.013710345315468282
0.013728613314954832	0.013370328408944636	0.014414999273169755	0.015191796934827586	0.013654271613501604
0.013775215585432621	0.01302325419124092	0.01431132627108022	0.014706990699452888	0.013765010792199911
0.013940626367107224	0.013274456445804179	0.01440048439409155	0.015160774333340584	0.014155560682820699
0.013332860952819624	0.012920655091019244	0.014511349407331946	0.014747414132937446	0.013904896286099469
0.01346390134633503	0.012564315807188637	0.01385716904345376	0.014341418224070084	0.013885497022658348
0.013592947593620982	0.012766386159574207	0.014232962549475911	0.014889144998453459	0.013540430862666155
0.013425582775707967	0.012824372563492083	0.013976024343486876	0.014662063241128806	0.01352718246319448
0.013246784016461403	0.012681795378237055	0.014223163161436314	0.015106235648674506	0.013606219890687016
0.013171856006955179	0.012991108331362458	0.014197859491514574	0.01452696239551924	0.013371928615252599
0.012628139862481055	0.012600215629476793	0.013567417933870004	0.01448743223496106	0.01329276224603052
0.013370773325081131	0.013028513893837593	0.014060479916317762	0.014740239398892194	0.013368174712390386
0.01253762765361181	0.012218948068988078	0.01338575308894753	0.014361769080047717	0.01321266385633736
0.01292971505538164	0.012555129007886513	0.013937161576784094	0.01434926825630314	0.012852436846212666
0.012763542944894114	0.012391762912768844	0.014059667072980606	0.01442923186265904	0.013222827316473815
0.01263964933264629	0.012411330364492084	0.013187424192810084	0.014417129050692557	0.012959386367360345
0.013089927833984652	0.012162305255089425	0.013602476804028926	0.013993682819740151	0.01275116002277645
0.012309028300197075	0.012120019755257139	0.013276295080218856	0.014093423748145949	0.012502958694391924
0.0124248423068153	0.012489152880495081	0.013734696394837731	0.013882431055149982	0.01268722479710417
0.012362920642232569	0.012585977834346878	0.013373970525706061	0.014014725874671168	0.012739198812333595
0.012636381910061063	0.012533836740800339	0.013909408615430444	0.013719200236422707	0.012687173189685855
0.012555700444552058	0.01226369272965147	0.013506174678235403	0.01385943675556643	0.012792669607045318
0.012487267563238636	0.01239414052928195	0.013539073710113082	0.013906098837914209	0.012387554229134715
0.012202296051127682	0.012421610314980187	0.012703606882668507	0.013615866548970087	0.012397948252346814
0.012480341463738005	0.012681026989475005	0.013147049701398674	0.013635392256719454	0.012952161682507651
0.0120512491420788	0.012019541355140528	0.013312694952463556	0.01352784108332432	0.012886322553619694
0.012094688044427445	0.01250607475085789	0.01332549190701312	0.01367861862696918	0.012757795607990311
0.012297393332528484	0.012609701267803267	0.013155865349599626	0.013631371134544353	0.012963263008295737
0.011690701373502647	0.011997803175093039	0.012801328046328345	0.013288690378684593	0.012311340688401468
0.01201057458377404	0.012345291929000315	0.01247311268797349	0.013457904516211934	0.012078611215914763
0.011685018558674458	0.012305619519041943	0.012735195053012478	0.01320704238494034	0.011914874774777817
