1	2	3	4	5
1.6122114710185844	1.5724296048474127	1.612058611172238	1.6499876841864625	1.5671445375208355
1.154116185882208	1.120862926516083	1.123606829692031	1.1641935257960456	1.125885422577334
0.9399260474592824	0.9428177360073683	0.9267754554748535	0.9723471186654951	0.9499756611521588
0.8249372243881224	0.8368021691851605	0.8076295909064507	0.8570128414027229	0.8368671356564589
0.7513150424908493	0.7574582303424017	0.7381063885700978	0.7712821189094989	0.7509326788470574
0.6915140231247144	0.6906207995798889	0.6822143189437557	0.7025809448088521	0.6950450540351136
0.648049734132674	0.6526365032433858	0.6437806601414596	0.6601396159595235	0.6576525812106361
0.6232851547810729	0.6178410051728755	0.6137190675339126	0.628716603798024	0.623670186990362
0.602601562238411	0.5982166726875797	0.592829515562033	0.606349420593218	0.6014442169452874
0.5859972301041682	0.578958089470558	0.5812546770895844	0.5867831177266356	0.5850328816782178
0.5704756612363061	0.558474649629935	0.5578081472907838	0.5689989768940474	0.5653279470970556
0.5532900728380589	0.5516324719352195	0.550590609345595	0.5539912515893922	0.5526541760358057
0.5443468651045927	0.5428332319802335	0.5375262300681578	0.5421080019163051	0.5398544020512526
0.5333955359580876	0.5288158419644441	0.5245521217203511	0.5323945749598701	0.5284361343859402
0.5209901309988997	0.513462444171881	0.5135029002528666	0.5180096428107723	0.5151462097607004
0.5186479208262071	0.5151650511547733	0.5091564897686023	0.520121789496878	0.5169075722127313
0.5096597807943971	0.5034526806048419	0.49949144714933513	0.5059235678304498	0.5054789357020725
0.5035280864257031	0.4999605454599764	0.49918334334707637	0.49543703440814973	0.4979284892759056
0.490464282157781	0.49003166211840443	0.48638493783028847	0.49187476982545975	0.4881851310315338
0.4830811445213037	0.48228321695114357	0.47866790381538865	0.47836186826381527	0.48380449078881843
0.4837507162328876	0.4772719704281644	0.4790578659842997	0.474442582987154	0.47880602027754005
0.473424492589653	0.47533831945465654	0.4749818861941852	0.4703954765406412	0.4773953371797984
0.4737137368572951	0.4694580556943899	0.47040799138186234	0.4669024823876597	0.47286373026230716
0.4696109817765859	0.46309078105575296	0.464215632442318	0.46101717536559184	0.46473508646421097
0.46253555639625477	0.45993468340705446	0.46444193153734975	0.45424607167463427	0.4600808850639616
0.45593202121727305	0.45891969435660096	0.4537500043964144	0.4561062644967033	0.45800098799683536
0.4487253680177357	0.45058370734114817	0.4475905825491147	0.4478085041808349	0.4477339066812757
0.4507313615373336	0.44997620689289664	0.45139103823000803	0.4478519096246458	0.4476422664073422
0.4407731075878337	0.4406307312991004	0.4412831388928396	0.4388072883610223	0.43846492286380906
0.4429958663175783	0.44171735781537924	0.44008170910503563	0.4363853296126859	0.4336352545739438
0.4342147986907178	0.4401785584971728	0.4373295888723926	0.43597017644006575	0.43697208772077584
0.43859852629396945	0.434389366632532	0.43737938131212845	0.4342262699171105	0.43647293902723966
0.43448214145267716	0.43443209950423917	0.43716907188715504	0.43341566549847477	0.4296206418434371
0.42888569427878037	0.43611196845846073	0.4285269096836712	0.42483279455805695	0.4307850714382308
0.4300826597396677	0.42861516998552024	0.4294565827645303	0.42941666663150346	0.42784397128750284
0.43162529174324227	0.4228788794154096	0.4248826414956459	0.4227781194402737	0.4252221120135559
0.4209022390491821	0.42076463955442617	0.4198770549367456	0.41471892500015173	0.41960887881496073
0.4257697024003927	0.4199463891632419	0.42130493889074483	0.4189469387845308	0.4225601555060239
0.4139309303306251	0.4157820186194254	0.41689601506266144	0.41088782647229233	0.41627667848106503
0.41607398938035106	0.4187442177854231	0.4178637852296802	0.4141212604234894	0.4165092217342932
0.4214315681201417	0.4202988983115272	0.42007124965148207	0.4114276694367304	0.418113201246847
0.41382402036805893	0.41451649596471624	0.4172451198863251	0.4092190756517298	0.28181228807667646
0.4143640199280759	0.40675118443606156	0.4085110079906784	0.4053226740235261	0.2411674647913564
0.4111968332620533	0.4156472193234411	0.41703997205590343	0.40853769631337017	0.22762349409901567
0.41356824769083506	0.4079517855897283	0.4145961400797909	0.40734024033369626	0.21815648680681463
0.40651914827963875	0.4072568525591165	0.2786491711045163	0.4006022478613402	0.20777920710727996
0.4031713168182031	0.406825768215882	0.23830558212897957	0.4091012199287829	0.20368120150492916
0.4071733998444377	0.2707485687321104	0.22441741465912443	0.39912261045954756	0.2017026927579396
0.268914869164719	0.23363443328748906	0.21515504455627385	0.264414377758265	0.195101215616059
0.23202232500095205	0.2198719515100769	0.20699085944982432	0.22666524651715222	0.19098316342629437
0.21985323940549079	0.21158906384883336	0.20194439586166232	0.21500322632396315	0.18952527667021807
0.20817521551762086	0.20272213546440115	0.19712909612128188	0.20445364033398408	0.1882366398182673
0.20074589095076026	0.19663163640386316	0.1880516423403149	0.19711580935417836	0.18410660425567882
0.1995864390488476	0.19771706040405562	0.19518190757621592	0.19741560225291627	0.19270180966085795
0.19117789113384379	0.18947334431321416	0.1870129906079348	0.1887497983282179	0.18615242000431037
0.18784409824310974	0.18641716266608305	0.18685577228627234	0.18045399492354033	0.18475611692727972
0.1873225650519057	0.1840547732913585	0.18628541444954663	0.18106036113046323	0.18573599815597322
0.18308126074654968	0.18465824417598403	0.1820108329739106	0.1799385008757072	0.18415781357289884
0.1816700847862322	0.1823409966876746	0.1857137298187637	0.17632577564481564	0.18621637323475848
0.17867473021263947	0.18169975637093846	0.18172786683987477	0.17299979716501274	0.18261997733274685
0.17926928206630377	0.18230954626255938	0.18601136494551762	0.17607871658356902	0.1884535653588106
0.17504555671035163	0.17853057576948428	0.17979108669873697	0.1725538564307613	0.18331506139482093
0.17742444845416666	0.18006001018425988	0.1786841496234508	0.1712580858860784	0.18152549059685236
0.18001290725167746	0.1747714803099175	0.18372211258505908	0.17005571011272855	0.18119820372184825
0.17947267634255812	0.17872059894034917	0.13023096908007742	0.17639682973589724	0.12209747731685645
0.17589370657682715	0.1786328303958754	0.10868145642644911	0.17302550065814692	0.10343769806272844
0.17834792153723997	0.18133231858387003	0.10204272130337512	0.1748934853202698	0.09609504828177147
0.18046995919302597	0.18145377842514118	0.09725818856407309	0.17254344349169665	0.09205624580268972
0.1848528716532166	0.1814458577624519	0.09420247521737346	0.17497797685739622	0.08738457570638494
0.17398528785199466	0.17619700617421302	0.09282879562824585	0.17393914501532873	0.08481328398027388
0.1779004594935175	0.18186096969010582	0.08794446024672156	0.17409189639951278	0.08213230095746576
0.12462539484967368	0.1812735239277258	0.08696303457555263	0.17298659873778544	0.07965776998349612
0.10038252224397777	0.18003699939002463	0.08309303071645217	0.17380952652153148	0.07698895648845927
0.09347710329705801	0.12004495416875087	0.08036639779577476	0.17408238214147675	0.07467852222740341
0.08942378221837156	0.09897697195791827	0.07967659178406691	0.11227649946689909	0.07312149251037076
0.08729599614429968	0.09078260244387187	0.07749528214907091	0.09395393016545668	0.07217610158655047
0.08269005611805665	0.08821647831469846	0.07778594435175971	0.08729353913908731	0.07079181616263622
0.07811552878288208	0.08362041167972037	0.07627470031990416	0.08276904926008886	0.06758260805055007
0.07653672773095653	0.07804696526749967	0.07372632285441892	0.0771640312984167	0.06663513091176063
0.07407211976321147	0.07681121499470588	0.07269374052505669	0.07362281668292896	0.06417108677765897
0.0723708063802298	0.0734387876327766	0.0721477147029794	0.07233331826470242	0.06828383027630694
0.06966070325859364	0.07113013847652444	0.06946582284272484	0.06742767649976651	0.065070729988539
0.0689879770169173	0.07087092838057175	0.06923492033215584	0.06546188467432316	0.06391002670826054
0.06647359562651885	0.0687862786290515	0.06762364716804996	0.06661129650919488	0.06055700114411311
0.06765571127995808	0.06776525506087579	0.06570455707762103	0.06328738052540879	0.06200153605483679
0.06742830823182758	0.06586873066871207	0.06543314897114667	0.062005344435305844	0.05935817575820573
0.06405488941866115	0.06623923384091429	0.06649474777243185	0.06242653180647384	0.05968689372824969
0.060783788333158645	0.06090539633808542	0.06379647659676156	0.05967456166206117	0.05956518348982879
0.06463465369913887	0.06230768280775501	0.06251156504463665	0.05850235176513258	0.05976802302653067
0.06266882631194105	0.05949031232911	0.0626629744239552	0.05760933531214819	0.059042909256447014
0.06005270495686844	0.06174417867627746	0.06287799997117065	0.05531290341216278	0.058014279993636814
0.055427786058096035	0.05761171914541814	0.06293169243256456	0.056254668389935376	0.055173237038695346
0.058012617485183285	0.05681979026921725	0.06180230648640324	0.05522940089197263	0.05526426462623315
0.05491604593575307	0.0524969648741319	0.057564377803784185	0.04989545096826673	0.05446033958641006
0.056632359609808156	0.054578513669235953	0.06067273265603561	0.05248060308473036	0.054510009806136336
0.05650188496141021	0.06012105493499036	0.05972508882241479	0.05447853112216954	0.05765963658271239
0.052942387064170975	0.05423681595650928	0.05862746604949308	0.049475855239288276	0.05319035836897999
0.05296974864495384	0.05525137566010969	0.057004661658955055	0.050714332014893955	0.052386513537229465
0.05444022854004063	0.053716708975069985	0.05559438850511521	0.049200127549145524	0.051553225454390846
0.050506765508781304	0.05076446189352159	0.05555517506092559	0.0453099945078954	0.052281709483174385
0.049573808160546205	0.04865069323412291	0.05515893888862238	0.04576509237251322	0.049905175700440736
0.05074006761602883	0.05195995266346829	0.053710645693532996	0.04769194331925239	0.04944680593526726
0.05428688104747962	0.0514278877240694	0.057753513045513745	0.04616519137073664	0.051710429008278415
0.04982334713611149	0.05019894141770534	0.053769254766385575	0.049399518267349216	0.047815938487344084
0.052260630804559456	0.050923364241714626	0.05657043747718228	0.04666238913641255	0.05098530615839506
0.04893601621927507	0.05089355284905492	0.05243381818332484	0.04499640462972475	0.05101033404488543
0.053462302398003266	0.04975894785693385	0.05605234798815702	0.0455050433478544	0.05190954417885874
0.04950510372248142	0.04756899384776955	0.052030105939339814	0.044003605013689405	0.05076864913887229
0.050135217230681275	0.04935900555432911	0.05141008797737643	0.044917101621665914	0.04666664945366589
0.048037232430961446	0.04555787828267388	0.05198152072232243	0.04544515586208047	0.048487354303374294
0.04985177212530541	0.04835210226552415	0.05425319800158136	0.04304458150911668	0.046932388530553495
0.039804182818059405	0.046694850310911945	0.05199965682176071	0.035848157956738916	0.05034662821732669
0.0347040433703405	0.04714379641120239	0.05111555707500411	0.03164893049565727	0.049020456669428183
0.03405481718880748	0.04800244603696684	0.04034644872178816	0.030231924303581018	0.050044338054516704
0.03136903402464622	0.04716776094644733	0.03613592765729904	0.02861592752854232	0.047203830498106315
0.03139482137015864	0.047555015891637915	0.03436273480753613	0.027940377674025036	0.04648356771815927
0.031313539170624384	0.046227048553736036	0.03414527589307573	0.028796242254659953	0.048107723655450726
0.028569261117092782	0.04642945828149686	0.032058135999361866	0.027676302796739435	0.04736788102123134
0.02759105588316611	0.042521594511464166	0.030221950219910768	0.026322039685038195	0.04346583144801199
0.02944104148603766	0.045747618431516	0.030549493451576565	0.02656842369105084	0.046193989922704584
0.029000060165972674	0.04709749847002652	0.029535120553182227	0.026746243495694218	0.04815607352653885
0.028486697941713626	0.043990558113359765	0.029096208260301747	0.025862056376112393	0.04493598361282853
0.028589010186245694	0.047210922436145566	0.030461549277767504	0.026469897216809986	0.04653856002956705
0.028531645036414456	0.048431481146599	0.03062896988333187	0.025006242872923242	0.04659457102208338
0.02896610332076508	0.04514807668011967	0.02829506136286442	0.025694676967876025	0.04564051242912059
0.026847836968805768	0.04365414450578675	0.028834065389069154	0.025190203267213943	0.047213403870115786
0.026650507226967435	0.03986433582366121	0.02820955729469313	0.024469411796163718	0.04869038421098531
0.027653343501546038	0.044102153619346454	0.028513193945102672	0.024945568031324142	0.04819594806684251
0.027409800371188484	0.04495004906088035	0.02866892866752184	0.02514278333719887	0.04977154371607335
0.02660958663515194	0.04632002074280968	0.027322952949996954	0.023911617191322634	0.046108608493757676
0.02640376773560445	0.044964077046422087	0.02726656750149433	0.024615527609425123	0.03793735005190153
0.02553598398861984	0.044005740033772237	0.02573244559490468	0.02329834378646004	0.028240417065980173
0.025208665415301663	0.043566229422112274	0.026512203719038174	0.025096611874868807	0.026590979003044978
0.02597378556857176	0.04719187520787383	0.02754851775553526	0.023923381991551074	0.02668920671448224
0.02558470912315811	0.046808575120423454	0.026027532103840664	0.023929041241059826	0.024625895106617147
0.024826073685608564	0.045291462222404766	0.025661706757705544	0.023701350085551614	0.025634647425635707
0.024529074480676132	0.0423298480079683	0.024881295285775998	0.022473713495027817	0.023142873330989765
0.02510094276779449	0.04468521637761072	0.02611746238616042	0.02289459259365981	0.023165349793784776
0.024242806465119646	0.03034462233352692	0.02492707860572715	0.02205626098701106	0.022208940809416343
0.02588883407004275	0.02727709652956032	0.025731064812720878	0.022943190172733875	0.022834223821340004
0.023093245561470466	0.02499814645704024	0.025457911950814732	0.022274542885744358	0.02255391318808356
0.025193584525524195	0.024025667406370858	0.025219815075778605	0.023137129323981008	0.02276246531216233
0.02442967486293878	0.02367041218558998	0.024821860196492875	0.022605232065519704	0.021181615445848626
0.023996143751894426	0.023027489469160344	0.024348025493647743	0.021949384733081792	0.020993163332800425
0.02356560611168441	0.022493274887199603	0.022844234147988023	0.021699593514394586	0.02084740887269796
0.0241924922322602	0.022024096387540895	0.022990812063979366	0.022011287596143406	0.02023565059865984
0.024600729820273257	0.021769910250478395	0.02251926467984992	0.021547875883977136	0.020708466034449282
0.023685235749272747	0.020160092803104147	0.022809865662966226	0.020597962605412058	0.019169014395045494
0.022501398459115002	0.01963395557230541	0.02164673578956395	0.020566849138044623	0.019569679546882143
0.022942097276411114	0.02075172186640979	0.022394490211516085	0.020528247513239027	0.019909372781891668
