1	2	3	4	5
4.1113786599825115	4.09696499709888	4.070163598145976	4.090462720607552	4.068570313856118
3.610297004889953	3.5239747704752262	3.5699765401728016	3.5746664067973253	3.5356984815329233
3.267693449469175	3.213531979514509	3.2217960308884726	3.2289874645145313	3.196980056860256
3.0164828300476056	3.004568796328572	2.9582224093434766	2.9631341412244256	2.9295040378180306
2.824212807828506	2.8397520515315082	2.7689198843963316	2.750280586349995	2.721299533039106
2.68601523884727	2.701087112621882	2.615740783988973	2.587118815278153	2.568291610464114
2.575081419761834	2.5938393051362105	2.4975776032108765	2.467008509599341	2.440257372453693
2.4758859753913587	2.5046026785965165	2.387976143976	2.3750723679657195	2.354060293768372
2.4014549127320195	2.424297897712041	2.30065509242475	2.29248711642097	2.272657198064466
2.331187574150008	2.357875141951128	2.2428768498208513	2.2290667554606562	2.2096710333129033
2.277051964379334	2.313695758200057	2.185044937121595	2.1877352090747753	2.163688698083238
2.2210812571713396	2.263479654746288	2.1431323021574085	2.1416066153275115	2.120000934661808
2.1807794610557663	2.2238911118958606	2.0959933230944006	2.0882980811321508	2.0776952078275355
2.139417165685492	2.1951153686894145	2.0691266779399577	2.057217982114122	2.045257062558325
2.110382021845452	2.1640439856692666	2.042172280723785	2.028480855705186	2.021657912932391
2.0782814785037824	2.1326182272733027	2.0163295906218135	1.9996315710379935	1.994510738441095
2.0549101674038455	2.115296694933605	1.9848677916904849	1.974946991866812	1.9615028316102667
2.0388925798103945	2.1008967179471583	1.9716740181988772	1.9513300733493109	1.9452482745470607
2.001247779182765	2.0676792295997406	1.9418707967109403	1.9260802070807925	1.914322730220492
1.9953951100864074	2.0459893484554623	1.924846450691027	1.9080106681570053	1.9060036209233266
1.9749982137509317	2.0300963992048118	1.911043478399897	1.895869015427806	1.887369070516523
1.9543109187079812	2.0092073660677356	1.8854626575699236	1.87446064168535	1.8670651229751074
1.9394746537098795	2.0008954050595817	1.8735777060394092	1.8576414862557133	1.8555532989599517
1.936244537458395	1.989001582345694	1.8638158911634266	1.8501044761799175	1.8474379622417945
1.9101149346822357	1.9679618948865727	1.8443718724848364	1.8360552110940285	1.8286791414860886
1.8982101611773992	1.9525118938187516	1.8227081222607355	1.8117041923200985	1.8093815002295057
1.888540291420334	1.9388862976332761	1.8143343248635613	1.8047311394415853	1.797938441071669
1.870046278704769	1.924609893423212	1.8031895331409582	1.800957123641771	1.7853759740624588
1.8640047357515306	1.9168871970432786	1.7921890306960575	1.7889728765658404	1.7751619251792696
1.8539544404924972	1.8981108497780612	1.7846884797601126	1.772584956320351	1.76114806555726
1.8449778913536943	1.8942223354373742	1.766413170663292	1.7663423072956408	1.751984199294653
1.8451766641548528	1.8873757748957474	1.7619654309109354	1.756344459550765	1.746752109978816
1.8380074744944073	1.8841756423720935	1.757158899246274	1.7566347271585088	1.7365826465894503
1.826386237083493	1.8622416843233827	1.7468451404815442	1.7443510388474333	1.728414675463801
1.819937947461063	1.8599522696126758	1.743491573406912	1.7413647619964518	1.717939103046036
1.8162398774300685	1.8495897191869628	1.7290960998486373	1.7265113887884425	1.7158051439563344
1.812574059762003	1.842541318415377	1.7262576919077606	1.7233973643968783	1.7024124433927232
1.503485920788992	1.8356359712303145	1.7214225420866487	1.7231230095524321	1.6915952458101158
1.426437177926378	1.826737806010431	1.710368195458141	1.7167198722014947	1.6902954471690574
1.405790148793585	1.8294757061907083	1.711965695366531	1.7187674133978834	1.6851030197899666
1.377926708639735	1.81527048699996	1.7048529285908962	1.7053449788056987	1.6808463807606027
1.3641660876591197	1.5068918094610615	1.3903589568784478	1.4013581589969557	1.3604049415844477
1.3547710076622344	1.4261681766766106	1.3059301809276775	1.3137850631838255	1.2820897925540307
1.35134768394558	1.4054875523233046	1.2862912998784837	1.2902123844227211	1.2610261876259923
1.3446437242390854	1.388005974500075	1.2643148048454533	1.2792377295091628	1.2449326327694656
1.3409216743905819	1.3758321811476035	1.2548519455258498	1.264315436868107	1.2324326809714823
1.3376270779563344	1.363932953161352	1.240977798886312	1.2514751062673677	1.2175240419100006
1.3289858642441543	1.3544268496810932	1.2331573864078285	1.2451012540046518	1.2137429602920553
1.3236711474940601	1.3502391213956082	1.2277876224054405	1.2388315432516817	1.2034773908917562
1.3239965769640942	1.3451664629189872	1.2236849865340205	1.2334347173685913	1.2038556930354183
1.3228623613981947	1.3397819367820947	1.217752452701558	1.2309933803270536	1.1951404215429753
1.3163813314474453	1.3313512966760896	1.2102106204423144	1.2230109968758607	1.1916596494672242
1.3185621788129782	1.334507812776834	1.215959690873276	1.2266947666702364	1.1951863024850626
1.319332379971624	1.3352558695141923	1.2122004535192108	1.226752766867734	1.1853059874776068
1.1767943111222106	1.3271828449290732	1.2087456123603273	1.2251401301235187	1.1854080966366543
1.135850534719581	1.3275531865751646	1.2033922632636906	1.2165095156720835	1.1822205225524998
1.124589445188527	1.3245890264011095	1.2051029543742502	1.2164774075188605	1.1823257082868417
1.1168444938671873	1.319640080642212	1.197698180327939	1.2128126288923773	1.1760427090518009
1.1139641507812172	1.3215079781649348	1.2010893303415051	1.2188438509431332	1.0463430597958958
1.1041636101120267	1.167678701298315	1.053586142599735	1.066169459649058	0.9990801081023261
1.1049961702293143	1.1429906710029567	1.0153473429667688	1.039507656146194	0.9919053592035529
1.1019933502692394	1.1306458553084937	1.009104094694338	1.0252633411866006	0.9833459858699228
1.095099668368659	1.122513436447933	1.002318270675972	1.0181166163795758	0.9781320622510005
1.089686460964513	1.1160982969166984	0.9920913258476943	1.0090337043528061	0.9750416519696754
1.0893673826666443	1.1159012395402659	0.9891549527187783	1.0079700405640366	0.9712381414745164
1.0835247991030184	1.1046452622889262	0.9848607438604549	1.0035787768985927	0.9655721823272804
1.0823343080632843	1.1048157276095028	0.9803783558213802	0.9969289798260956	0.9607682060402678
1.0738646602996471	1.1000728636141635	0.9788290957355745	0.9940867663344454	0.9590561435655564
1.0798134033942164	1.0968426273911815	0.9736402807638164	0.9907143372099116	0.9538153490751903
1.0292520451423768	1.0905684819611747	0.9654011950468457	0.9813598348661456	0.9434413140082294
1.0213780070814642	1.085069866893847	0.9594347130916916	0.9815291096182431	0.9417970212524203
1.0210628756476778	1.0829150493797433	0.961237453591183	0.9820475852702898	0.9433804887639895
1.0230352527954998	1.0830329092567235	0.9610125657237708	0.9776410080892655	0.9417442055919291
1.0162064445293166	1.0750863975881009	0.9541829191815216	0.9743263367801671	0.9390980671433842
1.017415375355869	1.0805818619935414	0.9570194094077407	0.974331561866624	0.9383644757368377
1.0167241585833953	1.0735734352065474	0.9125462493018428	0.9339822494160495	0.9345995078001482
1.010103117626951	1.0667885107457495	0.9003872490295065	0.9167920390663247	0.9261417837094165
1.0075209031019685	1.025207673802094	0.8965596834107126	0.9155061894365591	0.9256570198956662
1.0073661395655875	1.0190732155919384	0.8931354110503134	0.9152064998741339	0.9225096955628651
1.0055728437345648	1.0088891919006782	0.8912962188806077	0.9124536120983039	0.9191363944726824
1.0063432702018174	1.010709362414182	0.8909568902476669	0.9102405233456341	0.9175751256515913
0.9967147372567745	1.0114517115875885	0.890656712872293	0.9096043800454005	0.919067527479528
0.9948164226149053	1.0080844637987858	0.8913233258840066	0.9075762202672638	0.8728648245791946
0.9970703414638936	1.0050990044918215	0.8892367517246923	0.907655468072428	0.8608682117498744
0.9951607548367339	1.0039197003749938	0.8875843309380516	0.9062517520106963	0.860264582707144
0.9896445048739544	1.0013683688305224	0.8847320881646	0.9045837869119767	0.8518017004517949
0.9952497464006812	1.0019874667267674	0.8839828972621337	0.900270464322756	0.8512301954162093
0.9915943792104115	1.0017752385200447	0.8746448750691038	0.8936078610932429	0.8497114865981099
0.9951809598966638	1.0040219668537158	0.8764243459762516	0.8954166080945593	0.8532816779887888
0.995808761138135	0.9920974549125224	0.8722692775299487	0.8939516509280487	0.8529668628712144
0.9912376008984989	0.9895075312660779	0.8719944415799796	0.8926784864167117	0.844551402132225
0.9916344615809446	0.9843510424389558	0.8675892595439924	0.8875618043458068	0.8449799201982406
0.9883020660456487	0.9879994447273976	0.8719299665802278	0.887580294133452	0.845427067231035
0.9849550230118925	0.9875925805257714	0.8680094779299958	0.8892558236866045	0.8430341755032844
0.9909033850025951	0.9889364292859419	0.8722185061105988	0.891513088475103	0.8369022586461528
0.989011753855459	0.9877740018203133	0.8731569682850554	0.8912083905981013	0.8326664742301485
0.9923311888104516	0.9896233537617853	0.8739199880748757	0.8928164321443312	0.8359445618546532
0.9871492652636965	0.9821726248392368	0.8685928359056065	0.8880984577376524	0.8307590771209249
0.9885952210487307	0.9855009821979592	0.8638775376102804	0.8874359719283744	0.8297436526974145
0.9882316250935238	0.9837123372060873	0.8663455816485994	0.8866632978629578	0.8273202859227308
0.9899177709808735	0.9833578653347769	0.868792202009265	0.8878026825692653	0.8308889795752135
0.9916637859990834	0.9828607528410905	0.8689107829347595	0.8877934401907274	0.8304778509737585
0.9890176339832414	0.9822055650184222	0.8652240444937016	0.88308131328934	0.8283458246904263
0.9848104508026789	0.9813104587442739	0.8660263202684315	0.8880901018067086	0.8295623507646043
0.9870521756999022	0.9813620152375883	0.8657752824256486	0.8866653485066448	0.8257517410666131
0.9819056859711552	0.9759440085162292	0.865371252112377	0.8790126488641705	0.8259280654018187
0.9913730567983355	0.9825239548902683	0.8642266642711959	0.8855830153540883	0.8288539274574244
0.9886181502391007	0.9841051190100665	0.8655053453372265	0.8875806636517618	0.8275233415691446
0.9882178492558276	0.9819887405466242	0.8672235638589201	0.8885506030238807	0.8249080242098449
0.9859973862957768	0.9797163282513921	0.8631138255833964	0.8814395635634132	0.8258333686367636
0.9836746257589303	0.9790170383270437	0.8631516716364396	0.8841844082183539	0.8232670851680634
0.9871186339641776	0.9794364620352652	0.8618634024544444	0.8848458630654519	0.8248636879579492
0.9878753326128208	0.979004957029582	0.8645444387365181	0.8817138406626708	0.8188434888029951
0.990942271164311	0.9836470605162403	0.8677119885564154	0.8894851689448442	0.8242165037738077
0.9878630600012173	0.9808172508883658	0.8691757906733267	0.8849599673924848	0.826228283250424
0.9870795564883197	0.9814720426678969	0.8662714281350452	0.8856833775330071	0.8249572823419595
0.9856560617456652	0.9807510891228992	0.8677719759819148	0.884721903392421	0.8241341841190368
0.9871839504412678	0.9816655030335919	0.8661615311947013	0.8863787872102261	0.8229402358574636
0.9877718772424767	0.9856387358492293	0.8682199824801496	0.888566962136027	0.8236523308717384
0.98772595026304	0.9819276707861435	0.8659708809364787	0.8875493629814107	0.8229327901549965
0.9912982769024647	0.9810850147700976	0.8680242062224758	0.8852575762802374	0.8207740387343381
0.9894999073594423	0.9812190008285405	0.8666863912511665	0.8849960803375827	0.8227002228922249
0.9913486704192197	0.9845258935028327	0.868392425882237	0.8870360977814326	0.8277530673214855
0.9879487656876252	0.9851242229151904	0.8667854948726759	0.8830122719030554	0.8214721694931654
0.9885511533988405	0.9803550347037941	0.867263558880448	0.8856990027915486	0.8221780477887224
0.9886277737215047	0.9838026101936769	0.8670391608077249	0.8861494433239595	0.8209605140759206
0.990341105272093	0.982609811036483	0.8687943785696685	0.8873041470337405	0.8268035558788362
0.9909456526227015	0.9804865612703209	0.8652801714894719	0.8867435531543038	0.8221717489040113
0.9854378933491913	0.9796432532617808	0.8598366080952429	0.8802036862544089	0.8199561476097694
0.9822353386817991	0.9818255096445302	0.8629298934241386	0.8849940754263598	0.8209088287694984
0.9908202924691808	0.9811039786509537	0.8692034385393341	0.8875100856546854	0.8268168669222565
0.9888729430220619	0.9821351525728658	0.8670375767876124	0.8816297604604751	0.823065558053038
0.9871529746238537	0.9809887497626303	0.8662613206507304	0.8835643961301546	0.824383551964674
0.9878624977967928	0.983062430263481	0.8619668308426356	0.8853805926449765	0.8240638934742759
0.9854252361275654	0.9785638956157753	0.8676192929677646	0.8840246288977626	0.8193129741627238
0.988816421050245	0.9818338724353435	0.8683923803022141	0.8835371446121694	0.8233931816142538
0.9862978182485344	0.9836436898812008	0.8669303513853757	0.8857181907614778	0.8249929291208078
0.9893325469682891	0.9839452534075591	0.8719598957339817	0.8854253494830991	0.82479295690956
0.9881345215051073	0.9827687264708297	0.8648811336368547	0.8864808834117388	0.8253368547810304
0.9860215254147032	0.9799028531364776	0.8670868719630229	0.88600104666122	0.8231962957345614
0.9901117464465555	0.9839002369614815	0.8620805923286303	0.8834292704187081	0.8238081967129428
0.988839477376865	0.9823377152233169	0.8642388638632988	0.8808827763018396	0.8211051375054944
0.9840085963763853	0.9792491028375943	0.861511227267478	0.8820423889343088	0.8212622099215416
0.9880306013404869	0.9815687848174048	0.864719925786528	0.8867027370826055	0.8218927866662554
0.9893289819702776	0.9830489362902041	0.8655755364376571	0.8869971014044776	0.8204897855553783
0.988788296347079	0.9850262051348188	0.8672811860013799	0.8849748795294705	0.8234852712477566
0.987423454556623	0.9810605959209336	0.8621170670175188	0.8866037494691131	0.8239519557989471
0.9868324548387167	0.981176657597427	0.8682562545742218	0.8867573288395577	0.8213448865944163
0.9830953603815237	0.9776719779614595	0.86232941047005	0.8825457588486045	0.8205350547495392
0.9874655035755525	0.9821850738257089	0.8669603986813281	0.8871957632281903	0.8250655707191019
