1	2	3	4	5
4.324728388920463	4.325626919641518	4.289250820189177	4.315007920765208	4.288568214992126
3.912323770010869	3.8566089694762162	3.8853421192949678	3.896099031428852	3.8646031176037825
3.6103721975975334	3.544001793312599	3.577262367433907	3.597326816500301	3.5544286158383644
3.3503984502514292	3.3313336982141677	3.322681024556269	3.3373994748000895	3.298581841046853
3.151147025320536	3.164081269213	3.1282762304291394	3.1251698363467537	3.0932298706620553
3.0070003688792744	3.0276410195528674	2.973875033581041	2.9569070528230417	2.934005142782654
2.8972809211067547	2.920613008996715	2.8540060904324807	2.835583188649637	2.808199273350901
2.801260839642771	2.8304380071742434	2.7459279887206707	2.741204872765506	2.715451116757015
2.7186090525458866	2.7426488484872884	2.65729170930965	2.652095962363433	2.6308124986146124
2.656366272655595	2.680445049729798	2.5967438592935186	2.589924613533118	2.564662286387685
2.6030297736682537	2.630343438414354	2.53895381893343	2.546907526147948	2.518865635937743
2.548247469660573	2.58024838086589	2.4910778743226785	2.4985602328844383	2.4736679027147592
2.508512901832987	2.5446702226653435	2.4518731500181725	2.4516606074769776	2.438237624400108
2.4674139474054124	2.5148367076883527	2.420942751647872	2.4186029293957882	2.405084664254543
2.437717785310866	2.4858646246478386	2.3951734447723156	2.390064410236487	2.379695495376195
2.404117793988083	2.4550507056438726	2.370255521496237	2.356954121528685	2.349721028676729
2.3816588833508874	2.4439064621010704	2.3462736051710684	2.337135265550344	2.327546572136451
2.3631240955704005	2.4218505941083674	2.3278550613871603	2.313187907114052	2.304989487313857
2.333390547491403	2.398211133449585	2.302187163506628	2.2875501054632084	2.2825224472738617
2.3230435128711995	2.378955697159634	2.2893807644124555	2.275215284903643	2.264531353245611
2.305336630862693	2.363953889788264	2.2742223471326906	2.257305672711424	2.254283900760931
2.2839518099489724	2.3377687668861338	2.250808235324557	2.23986081881901	2.23690297932881
2.2710618045933724	2.330176230281821	2.2395403659557127	2.230508726880982	2.224622791990296
2.26332591531222	2.3223519678920743	2.234857212247141	2.215688374036413	2.2108086545753975
2.248671100877435	2.302502080912479	2.2168045525660585	2.206697390817314	2.201211259188251
2.2306644919583247	2.288079846545559	2.194530699564064	2.182753169018288	2.1818405749547782
2.2189594488924422	2.27200493056451	2.1852134707028923	2.179218707182218	2.1730190247221066
2.2038452637469965	2.2625601206289243	2.179268502213463	2.16820851341843	2.1554604912048116
2.198917359342357	2.24945468122087	2.1611833151649016	2.1532974023648244	2.145607547077071
2.1892504585368577	2.2418793467304603	2.157341297325273	2.150373856734743	2.132869509784766
2.1765749265470773	2.233651797484868	2.151055706126612	2.144454113357816	2.1315413426865106
2.1758670309925314	2.2244696647614766	2.136412712009359	2.130241231235397	2.1226314973953126
2.1763355341713746	2.226275061707364	2.1312872964098015	2.1300955111413353	2.109821513485725
2.160152109687592	2.206333478698341	2.124888609742262	2.1176259340837458	2.1041015856101404
2.1528882681561248	2.20190510512008	2.118938603974363	2.111756252205892	2.095311588643458
2.1525621423331085	2.1947511099183687	2.1076459546223325	2.106566173341269	2.0901741383935484
2.149049241524522	2.1820988859362016	2.1005923132152513	2.098082452174038	2.0809357352268965
1.8960800106872984	2.183016052636342	2.098516528868615	2.098454536989217	2.0711359660643756
1.823556174402651	2.174786376526287	2.0857108557010866	2.0906688868237273	2.0658105035572105
1.8096842207872035	2.1730078306344467	2.096447143103462	2.089358567276879	2.06259040271535
1.7877026098158662	2.1626714739348265	2.0837318574071246	2.088201460021232	2.05801879140117
1.7704919290054788	1.9122294032055391	1.8242481553645986	1.831813370480256	1.7972225301405962
1.7583326067765963	1.8441535850315136	1.7536243358841324	1.7633165279617695	1.728816095520468
1.7549592390694577	1.819590291098865	1.7319910937867808	1.7380761286181874	1.7072295109024431
1.7438609029935754	1.8041199564628891	1.715121155504679	1.7256908514310654	1.6897315174112537
1.743630548267414	1.7924429708734508	1.7048955695403503	1.715868014508806	1.683649727755497
1.7358651325830714	1.7794651591869253	1.6918835097261709	1.7001685071784218	1.6667511883903947
1.7332405309238088	1.7731211679365937	1.6804264308241628	1.6912187063480584	1.6603125492325224
1.7242449637874009	1.7678254589705218	1.675648761527313	1.6871881792917283	1.6527352046478743
1.7188479019247969	1.7583307692461911	1.6694044609508847	1.6796408473988014	1.649012841227108
1.716894540030634	1.7532624991043753	1.6624207036269585	1.6751917875026499	1.6413177925607438
1.7083520523422524	1.742047858055289	1.6543153225613374	1.6692096461420465	1.6330349134362252
1.7114011790136536	1.7463086864832422	1.6584652720205006	1.6695826983512836	1.6392908953034964
1.7149052732740815	1.743625753371001	1.6531956884867085	1.669758689068163	1.6328733464336165
1.6008515473826768	1.7406705901445951	1.6455110381631286	1.661484905520974	1.6249848927378359
1.572230536309655	1.7310726901759281	1.644871566301722	1.6564196299409002	1.6215696243373945
1.5621729857476474	1.724048452304148	1.6384306268009081	1.6489534189024242	1.616998243819722
1.5582550636032961	1.723282305175996	1.635414669885659	1.6496447391827083	1.6114289016674856
1.5602246730223934	1.7256964917682935	1.6365932692652165	1.6554955957490771	1.513880924800473
1.5473615339649909	1.6138928802421943	1.5228458453932077	1.5345765885794567	1.4776417422477544
1.5469576263671634	1.5879437664280758	1.5010626313021729	1.5161875461983259	1.4735797805249542
1.5426609363702242	1.583301987794353	1.4906472303068543	1.5080161707480544	1.4704279024582692
1.5381871214912977	1.5740910920950442	1.4804811252047647	1.5022852225681709	1.460304062994545
1.5370006655793038	1.5755189596234687	1.4813617159948334	1.499373858237205	1.4624148076757464
1.5346194463007894	1.5690644464224501	1.476657989994645	1.494915166779248	1.4558525368990498
1.5318413283818817	1.5637807641797672	1.4778524085383882	1.4946261482775376	1.45435861614354
1.5296322061582583	1.56449537326003	1.4687077215565438	1.4887559971845967	1.4475081015730746
1.5237605577844486	1.558053388924855	1.4681495937240099	1.486344332890132	1.4457489063062938
1.5236509590197707	1.5537186388469417	1.4638527076872407	1.4830717772169186	1.4411201074605096
1.4976773265072756	1.5525949723885186	1.4601935511050013	1.4775890343634368	1.4405300851978005
1.4823887579886192	1.544428108598265	1.4515310382599111	1.4689938256807624	1.4338476971897027
1.4863418825447106	1.5486130891248693	1.4530617757831392	1.4716276457852413	1.4368253150559451
1.485543211097912	1.543055167893313	1.4536934706865976	1.4711922952891003	1.4328956183265231
1.483553967207593	1.5357334912585483	1.4483026604518252	1.4688142595998461	1.4278333534669991
1.4820751625558608	1.5373207044113602	1.4461234478694407	1.463669329348122	1.4251547439019092
1.486226244350832	1.5370964632009916	1.421647177023046	1.439199379033139	1.4302143181681344
1.4788376339866067	1.5294487198905269	1.4103586499953213	1.4248775188880194	1.4210033572238416
1.4759609815104844	1.4985550273105013	1.4083562500946365	1.4285842750383462	1.4162983004089522
1.47439941664791	1.492786690402214	1.404205198787973	1.4240321143508874	1.4111183195772692
1.474397347406353	1.4933597434817063	1.4016368776331165	1.421375092033229	1.413703337654739
1.4775239753601193	1.495919119061716	1.4040094976839825	1.422175052525747	1.4107176443499974
1.4701654465911942	1.4888967793920764	1.4010677858996587	1.4208211304281684	1.406748978683101
1.4672427564630728	1.4898683732123015	1.4033885178968422	1.4215570779712603	1.382321010465207
1.465442647104677	1.48569113854557	1.399472081142922	1.420743970309987	1.370529076022565
1.4657245331713	1.4875767127327288	1.398333376021032	1.419469543735085	1.364723251908636
1.4660157834172556	1.4848962141119912	1.399972124477786	1.4188083437702552	1.3642503581083643
1.4656203863261004	1.4842850152793747	1.3956595153150033	1.4163455990574245	1.36072969985435
1.4650693778186807	1.4839114020852484	1.3920454908819766	1.4107163370112936	1.3639823423931976
1.4674816338912298	1.4850287916105414	1.3920113866591393	1.4095608297821203	1.3627398715299726
1.4676514988969962	1.477884880722026	1.3882591468293957	1.4094921109621488	1.361111503732784
1.4644682233595783	1.476452701841779	1.3880056996479662	1.4072013117773154	1.360792579858199
1.4668220354772883	1.4753504464083618	1.388318467932895	1.4069274130379759	1.3551631806146764
1.4636442804580447	1.4729900244251841	1.38873489707937	1.4060740553204658	1.355276769994165
1.4665755527403659	1.4768850007630376	1.388759784076525	1.409503648043288	1.356264067427886
1.4611538224817846	1.4748105389992587	1.388093351708046	1.4073256976769097	1.349014202347193
1.4629181943586116	1.4762638718880652	1.387819625837419	1.4095123826390341	1.3520836875871627
1.4644603701808565	1.4737007718561854	1.3890204801583836	1.411111624039652	1.3489584633151601
1.4675634407326394	1.4739022614705901	1.388491894887841	1.4109631566440357	1.3516488505141504
1.461567055538792	1.4720417078193804	1.3822014414136055	1.4034620099665236	1.3475854872437691
1.4594685229499	1.4695951682527357	1.381909840856977	1.4056791338469359	1.3433791173388585
1.4605172412169867	1.4737996167843914	1.3889868963709884	1.406547478397788	1.3469107391889146
1.4650565952901013	1.4712843513854637	1.3877648477968971	1.4102649594206944	1.3502003573395707
1.4631757995356691	1.4755021626382225	1.3904124318486277	1.4056483479716901	1.3489293930170774
1.4596769443863196	1.472032228394238	1.38577745698602	1.4068812077002775	1.3472775568437694
1.4630359374653659	1.469636719550015	1.3848421534004112	1.4030407999482604	1.341556887797382
1.4620598389974342	1.4707585509170968	1.388980787428444	1.4036073577983308	1.343511272879208
1.4653226740829788	1.4728786222770083	1.3885581901921034	1.4056135754451116	1.3485263491530548
1.4623290282076271	1.4741543040556078	1.3881393500301236	1.406440701021258	1.3482101515430915
1.4626290032930687	1.4727505899756153	1.3878674610801367	1.4086249969194606	1.3459251600763062
1.4602199216632898	1.4690138650367321	1.3824406304322865	1.4043997452996884	1.3429391926816667
1.45962068339443	1.4687987175743902	1.3848550179425405	1.4030094439416285	1.3429317968275856
1.4621397881861538	1.469368530356366	1.3834743466218715	1.4020495628152043	1.3424173227661391
1.4609619104648799	1.4697131519122502	1.3858703743771208	1.4059414186745969	1.3425180308349303
1.4660167931900616	1.4708228717984433	1.3864027703814499	1.40938107223462	1.3432060656950002
1.4614553110069017	1.4715102685382	1.3879025564779097	1.4073469632726803	1.3437728576952832
1.4613538904263244	1.4706816926331785	1.385711660470499	1.4067249041993908	1.3425073547436455
1.4635397131790584	1.4711295832758373	1.3864022993370695	1.4100143016146878	1.3453224501036625
1.4638309317171732	1.470742472297394	1.3837482578614178	1.4071277776337652	1.339882744242773
1.4641148507442614	1.473135682323096	1.3861989054228652	1.4065209239949954	1.3428539952353746
1.463561926046601	1.471499938489226	1.3860209719909116	1.4062805977623796	1.3396736069408532
1.466979075575728	1.4735094574101444	1.3844606760517713	1.4065909382632324	1.3405341016666974
1.4640765123050232	1.4719203832509262	1.3857580402013283	1.4082590981822483	1.3422381451062837
1.464973177446429	1.4719294053514278	1.3851068654023786	1.4057743973134416	1.344800523174998
1.4626356701716736	1.4712527658018606	1.3852193962277668	1.4036031232770438	1.3396388414265867
1.4619258873907794	1.471188693705116	1.3852691982713197	1.4056643869565886	1.3415247104356955
1.4604574640083798	1.4723386633426638	1.384235791538073	1.4071066108201176	1.339550554599907
1.4634962953874828	1.4679451900369986	1.3844265017058228	1.4065431219232658	1.3423266666929434
1.4655949981011405	1.4703318526982667	1.3861172650476246	1.4073666236589637	1.3416789270118066
1.4622947035543137	1.4679894270494456	1.3824710687408062	1.4027892409078295	1.3398795451044747
1.4628597098543212	1.4724352670752485	1.3853723694906201	1.4053350397388034	1.3417224966351649
1.465003884661838	1.4723606042544868	1.3850277345198814	1.4089179785965045	1.344666674313947
1.4627542321944182	1.4723960237429876	1.3860190372028003	1.404206822290444	1.3426160129439804
1.4621108535610499	1.4685478058007662	1.3852720089885595	1.403526214687416	1.3421461646209298
1.464003196152884	1.469744510357948	1.3825453995438777	1.4081230023327989	1.3398194395367744
1.459767308381512	1.4669194187959436	1.38390292688404	1.4046186659951938	1.3416336146766878
1.4627184776393956	1.4706676384372173	1.3872461163479346	1.4026801753836833	1.34295268741715
1.4650822255922409	1.4740794848298169	1.388870952074485	1.4071084260940558	1.3430830011587314
1.4636349513402676	1.4737310470522513	1.3857282875748858	1.4085932076739534	1.3414141375695352
1.4610430645515857	1.47077818264437	1.3820233037099818	1.406098745363143	1.3398687812068584
1.46387390895268	1.4710861221908615	1.3867167271006764	1.4055641005411186	1.342891811409874
1.4643558211948564	1.4713250712665458	1.3861410657463176	1.4055328302066343	1.343675302727448
1.4598081026540681	1.4725570718345748	1.3839970903323433	1.4049843241796476	1.3405183273203234
1.4607879395984933	1.4699080496492902	1.3811829757812388	1.4027777727302702	1.3393989057492104
1.462059217950571	1.4720730891313099	1.3846601470352147	1.405639996918877	1.340594968527479
1.4671754108365531	1.4697004224333305	1.3854130649810554	1.4061242988347398	1.3399341280198156
1.4621096950052959	1.471774603094897	1.3844847810237906	1.404279703374409	1.3422240357264836
1.460141544451798	1.473007523800099	1.3817795356521203	1.403742169175307	1.3404016549629933
1.4626579488939646	1.4705638272683041	1.388726194496351	1.4044605728305504	1.3433485668333602
1.4622860177398653	1.4675356280773204	1.3801640759953453	1.40260931780881	1.3384200706506322
1.4647664834776188	1.4723769898914625	1.385709649156732	1.4086515193095281	1.3431730474657417
