1	2	3	4	5
8.250000000000002	8.694000000000003	8.697999999999995	8.767999999999997	8.894000000000002
16.313999999999997	17.786	16.603999999999996	16.737999999999996	16.968000000000004
22.058	23.051999999999996	22.133999999999997	22.462000000000003	22.48
26.74	26.996	26.814000000000004	26.981999999999996	27.654
30.510000000000005	30.201999999999995	30.444000000000003	31.084	31.554000000000006
33.211999999999996	33.018	33.638	34.114	34.46399999999999
35.519999999999996	35.263999999999996	36.178	36.858000000000004	37.244
37.724000000000004	37.046	38.562	38.856	39.215999999999994
39.054	38.94800000000001	40.164	40.342	40.886
40.742	40.382	41.528	41.708	42.142
41.866	41.274	42.757999999999996	42.71	43.428
43.047999999999995	42.388000000000005	43.645999999999994	43.566	44.376000000000005
44.114	43.047999999999995	44.584	44.940000000000005	45.25
45.156	43.976000000000006	45.55200000000001	45.653999999999996	45.928000000000004
45.74399999999999	44.264	46.06400000000001	46.382	46.506
46.428000000000004	45.202	46.758	47.048	47.268
47.192	45.696000000000005	47.516000000000005	47.616	47.826
47.482	46.028000000000006	47.536	48.19	48.216
48.376	46.79600000000001	48.59	48.754	49.078
48.56	47.370000000000005	48.842	49.30799999999999	49.454
48.768	47.638000000000005	49.014	49.392	49.57
49.492000000000004	48.236000000000004	49.794000000000004	50.00599999999999	50.263999999999996
49.775999999999996	48.424	50.12	50.34	50.43
50.06999999999999	48.622	50.234	50.356	50.556
50.532	49.078	50.944	50.706	50.86999999999999
50.878	49.538000000000004	51.571999999999996	51.644	51.41
51.007999999999996	49.9	51.596	51.53	51.682
51.34000000000001	49.88399999999999	51.763999999999996	51.634	52.102000000000004
51.456	50.588	52.012	52.035999999999994	52.278000000000006
51.70600000000001	50.906000000000006	52.294	52.334	52.778000000000006
52.059999999999995	50.775999999999996	52.576	52.654	52.87200000000001
52.022	50.93600000000001	53.083999999999996	52.748	53.276
52.308	50.99	52.83599999999999	52.686	53.388000000000005
52.300000000000004	51.82	53.032000000000004	53.236	53.772
52.364	51.82	53.226	53.42199999999999	53.93600000000001
52.778000000000006	52.07999999999999	53.791999999999994	53.522000000000006	53.952
52.71399999999999	52.068000000000005	53.538	53.554	54.38799999999999
60.738	52.388	54.05	53.516000000000005	54.581999999999994
62.650000000000006	52.288000000000004	53.946000000000005	53.632000000000005	54.523999999999994
63.294000000000004	52.518	53.903999999999996	53.628	54.90999999999999
63.983999999999995	52.96000000000001	54.16000000000001	53.970000000000006	54.672
64.506	60.739999999999995	62.038	61.982000000000006	63.09
64.694	62.58200000000001	64.432	64.00200000000001	64.83
64.746	62.949999999999996	64.80600000000001	64.75999999999999	65.404
64.886	63.82399999999999	65.596	65.096	65.924
64.916	63.808	65.65799999999999	65.42999999999999	66.14999999999999
65.17200000000001	64.208	66.12599999999999	65.77	66.69800000000001
65.462	64.72200000000001	66.462	65.944	66.756
65.096	64.716	66.422	66.136	66.82000000000001
65.03	64.70400000000001	66.44200000000001	66.188	67.02
65.506	64.80799999999999	66.602	66.28	67.13799999999999
65.498	65.03999999999999	66.886	66.534	67.13199999999999
65.34800000000001	64.996	66.66000000000001	66.42	67.158
65.448	64.986	67.012	66.464	67.27199999999999
69.652	65.206	66.932	66.39399999999999	67.34800000000001
70.608	65.228	67.106	66.66000000000001	67.462
71.02999999999999	65.354	66.66000000000001	66.648	67.34599999999999
71.126	65.324	66.884	66.682	67.51400000000001
71.22200000000001	65.22399999999999	67.13199999999999	66.52799999999999	71.34400000000001
71.39599999999999	69.64	70.848	70.598	72.688
71.74000000000001	70.24000000000001	72.49	71.67	72.906
71.638	70.844	72.428	72.042	73.28
71.83800000000001	70.896	72.762	72.18599999999999	73.238
71.784	71.042	72.94	72.486	73.426
72.06	71.134	73.244	72.696	73.348
72.248	71.476	73.174	72.81800000000001	73.636
72.138	71.444	73.224	72.802	73.76599999999999
72.346	71.66	73.366	72.94	73.858
72.114	71.36	73.468	72.99	73.98400000000001
73.68	71.83200000000001	73.858	73.512	74.438
74.12	71.966	74.042	73.29	74.386
74.00999999999999	72.23200000000001	73.916	73.248	74.508
74.114	72.142	73.936	73.33000000000001	74.30399999999999
74.058	72.318	73.88600000000001	73.61800000000001	74.424
73.966	71.966	73.87	73.48	74.242
74.18	72.24999999999999	75.478	74.768	74.456
74.408	72.49600000000001	75.786	75.268	74.83999999999999
74.342	73.588	75.798	75.312	74.89
74.44200000000001	73.922	75.86	75.436	74.784
74.434	74.39	75.92	75.466	74.996
74.364	74.034	75.924	75.468	74.76
74.866	73.998	76.17399999999999	75.496	74.978
74.884	74.20800000000001	75.984	75.52	76.288
74.79599999999999	74.402	75.97	75.544	76.884
74.888	74.296	76.20599999999999	75.47200000000001	76.618
74.888	74.44800000000001	76.378	75.5	77.08
74.79400000000001	74.486	76.244	76.006	77.324
74.908	74.55199999999999	76.436	75.89399999999999	77.02799999999999
74.72	74.538	76.576	75.9	76.88000000000001
74.67399999999999	74.738	76.516	75.806	76.79599999999999
74.848	74.788	76.628	75.912	77.18599999999999
74.86	74.872	76.712	76.28	77.044
75.136	75.048	76.69200000000001	76.168	77.324
75.238	74.958	76.76	76.196	77.208
74.78	74.732	76.496	76.062	77.52799999999999
74.92	74.91399999999999	76.47	75.886	77.55799999999999
74.69	74.826	76.538	76.264	77.534
74.91399999999999	75.14800000000001	76.666	76.37	77.90599999999999
74.96000000000001	75.08200000000001	76.812	76.25	77.668
74.998	74.93	76.744	76.18	77.812
74.59599999999999	75.09	76.828	76.31	77.73400000000001
74.958	75.006	76.69200000000001	76.154	77.72399999999999
74.952	74.86	76.72	76.22800000000001	77.67399999999999
75.202	75.156	76.778	76.254	77.76
75.08	75.128	76.90599999999999	76.242	77.932
75.19	75.362	76.976	76.364	77.874
74.91600000000001	74.974	76.972	76.36800000000001	77.766
74.958	75.074	76.78399999999999	76.394	77.806
74.93799999999999	75.02	76.596	76.13600000000001	77.81400000000001
75.114	74.98599999999999	76.788	76.356	77.7
75.188	75.122	76.834	76.20400000000001	78.05
74.844	75.1	76.936	76.168	77.9
75.092	75.362	76.972	76.414	78.178
74.8	75.002	76.698	75.964	77.88
74.98599999999999	75.13799999999999	76.798	76.158	77.728
74.97	75.122	76.90599999999999	76.32600000000001	77.904
75.042	75.134	76.578	76.336	77.96
75.048	75.10600000000001	76.682	76.484	77.828
75.09	74.784	76.766	76.18	77.872
74.99199999999999	74.96000000000001	76.6	75.952	77.922
74.882	75.144	76.73	76.22	77.97
74.924	74.98	76.69200000000001	76.28	77.91399999999999
74.866	75.006	76.79	76.18599999999999	77.672
74.93799999999999	74.994	76.74799999999999	76.48	78.038
74.94000000000001	75.144	76.66999999999999	76.072	77.94200000000001
75.124	74.944	76.64999999999999	76.184	78.05
74.882	74.952	76.752	76.194	77.804
75.004	74.98599999999999	76.72	76.324	77.998
75.124	75.09	76.942	76.294	77.97800000000001
75.196	74.942	76.934	76.292	78.07600000000001
74.86200000000001	75.012	76.73	76.122	77.656
74.994	75.202	76.754	76.424	77.912
74.98400000000001	75.03	76.768	76.25800000000001	77.8
74.948	75.008	77.03999999999999	76.18599999999999	77.91799999999999
74.96000000000001	75.298	76.75	76.31400000000001	78.002
75.06200000000001	74.98	76.536	76.38199999999999	77.874
75.164	75.068	76.732	76.24	78.106
74.842	74.9	76.556	76.22	77.55799999999999
75.13	75.012	76.718	76.192	77.83
74.958	75.276	76.71	76.102	77.84400000000001
74.82	74.946	76.828	76.396	77.742
74.776	75.092	76.818	76.518	77.91399999999999
75.168	75.114	76.828	76.346	77.968
75.078	74.98400000000001	76.854	76.11	77.982
74.77199999999999	74.864	76.858	76.114	77.876
74.846	74.98599999999999	76.6	76.276	77.962
75.102	75.21799999999999	76.942	76.264	77.874
74.81400000000001	75.152	76.698	76.0	77.896
75.13799999999999	75.20400000000001	76.818	76.226	77.74799999999999
75.22800000000001	75.152	76.73	76.28	77.81
