1	2	3	4	5
3.760871267684585	3.7313849907701906	3.732971846295136	3.7342593694281985	3.7278857786027393
2.9433746411062574	2.890623996934622	2.852821070214977	2.8565745670777156	2.8722507301193967
2.44872858640178	2.409092739110106	2.350785270066518	2.3623078204786694	2.3908891290654917
2.1020818095073097	2.0891987036561104	2.0365063177655114	2.03399208287144	2.0739989570339636
1.8643713277928968	1.8666054589669123	1.8212531414788096	1.8252273883356158	1.8594324512554847
1.7142130035878447	1.7041203484815706	1.6783147248465689	1.6793617485734194	1.7174327836926944
1.6078299183369924	1.5984222367596446	1.5747832992802497	1.5751433521890283	1.6108112268130799
1.5199416781325477	1.5094157265275339	1.4931646085456203	1.4915924197267696	1.5179908077430242
1.4509739360541034	1.4455987144919007	1.4214124707004914	1.4297244597578898	1.445069595675944
1.403995077018544	1.3959881725823484	1.3791500607414933	1.380283588033808	1.4010202021854925
1.3559535159479312	1.3474940994511477	1.3352168595699399	1.3416474842659352	1.3475980496467526
1.316891035155568	1.3125311860343076	1.298290253600198	1.2959240141427122	1.3174153012997663
1.2926930183035026	1.2806383314949772	1.2740338866972867	1.2710570584782555	1.2803725365482639
1.2652491478968764	1.2575256091249556	1.251131971169007	1.2442995046105831	1.2664773770610402
1.2501460624777758	1.2447013915957077	1.2276806491415226	1.2260844288274766	1.2426553649060867
1.2362309339101354	1.2330767480308746	1.227392419677256	1.2198182057846543	1.2349223993013585
1.2189398764649324	1.204214312383892	1.1979667884309575	1.205825228825249	1.2168213461366162
1.2184818208674935	1.2141048828964034	1.2021853018294821	1.2028331215424313	1.2114988348977953
1.2022627724710933	1.1986230698692837	1.1852668799707646	1.185933503653388	1.1944458574590167
1.2073443827726629	1.2018350530463406	1.1863309119058694	1.1804939048064642	1.1897343721840987
1.1986343796600771	1.1880940968728126	1.1818094357200288	1.1931863995769136	1.1945457455447261
1.1856263016190982	1.1880428855071594	1.1733800925867022	1.1758955938127036	1.1834124855678112
1.1960780477279895	1.1854776602876753	1.1788312760765285	1.1790568224914246	1.1868866137836283
1.1930766306874703	1.1885235353808865	1.1754976930215841	1.1796825110454991	1.18266000848292
1.1936715958673323	1.1912097397362782	1.1718309200023458	1.180125231328217	1.172167864449492
1.1814776419678605	1.1753994237126593	1.1624343306817067	1.1800423958112505	1.1665942231407558
1.1830890875338296	1.1781792526354873	1.1606646631379849	0.782924843032647	1.1723118767409069
1.1835082337984346	1.1811936813242285	1.164662382639277	0.6491026428654372	1.1768737871323707
1.1802180353028089	1.17063585099052	1.1602023041156861	0.5925700018930318	1.1719906049616202
1.180618670133069	1.1702483973234825	1.1582695950022734	0.5524687132109775	1.1770891243844386
1.1747570033268544	1.1735134575982842	1.1543588391350357	0.5238004515085682	1.1690987792161411
1.1828684550721935	1.1725911716061177	1.160443138893304	0.4975283854757735	1.1792284488068203
1.1899324102170028	1.1747939072911389	1.1658059687870548	0.47610361001375723	1.1787605133202983
0.7949281386707137	1.170574171311409	1.1650858609877581	0.4595641406143412	1.1707543704820706
0.665168067912007	1.1618967745310205	1.1565059836563263	0.4461529323512026	1.1690861044637375
0.6121383430555348	1.1755967205747624	1.1547742441792026	0.4320193003967902	1.1568486899366162
0.5776424529150009	1.1837019601746281	1.1580939863039112	0.4296791716228665	0.7817240903901937
0.5460303442557453	0.7977208241324896	0.7749769755489078	0.42609761148462505	0.6532865088918939
0.5186840488630187	0.6677577552740535	0.6504290057417675	0.41003274258292866	0.6006767880123891
0.5052200475769578	0.6199812098689704	0.6029636358361113	0.414707248320665	0.5663674634588348
0.4859597923048314	0.5756904216830991	0.5563885241060914	0.4026786940329519	0.5344584022489046
0.4728166260530273	0.5454551023443035	0.5319247302954156	0.39714885234375485	0.5108468922812611
0.4672429265116181	0.5286730316746268	0.5106887175603898	0.3969628702649074	0.49628138740349315
0.4562355004003288	0.5095437207185401	0.492194829465788	0.3918694436092812	0.4794103109165837
0.4509686116900893	0.495974242915888	0.4833510527982737	0.38801505250851487	0.47480052656224914
0.44310416315522655	0.482735692616314	0.4683840722988937	0.3883579712161017	0.4603471900800915
0.4355445963037592	0.465744307964964	0.4533039968641823	0.38260552732993247	0.44643050119700006
0.4398908155882146	0.4693825427071213	0.4470104181476874	0.3837230337016723	0.4454653168959388
0.42786608895529865	0.45462794849634786	0.44113639568733753	0.3727448273192893	0.4350511614623886
0.4297687873587279	0.4514111333795823	0.4386045759367517	0.3684379202706735	0.439429362449805
0.41970724099889783	0.44368216646906666	0.4295330346773958	0.363378827795958	0.430536445106387
0.4200750294396335	0.4463741573912411	0.4250337083626277	0.36447591275510266	0.42270099758492086
0.41592279171852203	0.44281256587608975	0.4298966900848062	0.37365576693468994	0.43391210968841987
0.41099182537297135	0.438301508307762	0.42426462223767636	0.36140578889938263	0.4283611019096715
0.4192766894388688	0.43745024429867635	0.42678932228204214	0.36510232860779823	0.42416153112640764
0.41502455658162646	0.4293238062916509	0.41781643170225047	0.35647191202549106	0.41530510283949446
0.4055716046286969	0.42252978087995974	0.4227437500453668	0.34796023445056234	0.4117715947158501
0.4086418334404222	0.42877029610411893	0.4106688820340139	0.3487699244866896	0.4084500551528638
0.40344635799260414	0.42952083962042936	0.41468024989375674	0.3501569656917201	0.40966148613511477
0.39474031325343933	0.4174095490170868	0.40886504387916517	0.3447288033145161	0.4103627802465887
0.3992996856455911	0.41922053900521117	0.4108473841491562	0.34825431782266375	0.4136726175199077
0.39188334296274074	0.41675033547994134	0.4041480222321529	0.3406862070798266	0.4041639587001117
0.3940736582440793	0.41537151902990266	0.40661296118860635	0.33641142784939393	0.3996268435359919
0.39014205248916833	0.41330924241439154	0.40448014255222453	0.3389061968344861	0.40715092024229976
0.38561614353181145	0.4105121502867136	0.4080125378906881	0.3296031065075597	0.4047479017463789
0.3815000741301896	0.40502124849487786	0.4006614284899533	0.3278787322056566	0.3979582781986809
0.3802984284851554	0.40438624256102323	0.3889459779347909	0.33017186214551925	0.39426749685536244
0.37945496498623754	0.4214447025981403	0.40158530985912727	0.3192230842988507	0.39737793814648165
0.3800720900602047	0.4002436529797363	0.3998689175490527	0.3205474395200115	0.22387372193586497
0.35970423765042236	0.3926133986400522	0.3804130481027277	0.30690810560722803	0.158447537542609
0.36571503032351416	0.3921738518092334	0.3890312078130214	0.31407211766675913	0.13820558329067573
0.36526254833201954	0.3926448572779556	0.3854819088412065	0.3089629345004212	0.12553513625546184
0.3673329291974799	0.39322963147364615	0.38089944464166453	0.3058402196068285	0.1172848085651312
0.3579056385304316	0.3992320778577222	0.396148490440815	0.31244001436568897	0.10767396967238779
0.35473512414166375	0.39015783297131407	0.3842773010282567	0.30570425878247953	0.10176931241589131
0.3582571187363865	0.3863249809845634	0.3767638641321446	0.2976949285439519	0.09636775187938422
0.35568076166350504	0.37643530004469616	0.3795283817879072	0.29981189977634876	0.09053380714962854
0.35728672409758827	0.38484180415682784	0.3670608368904696	0.2983844011374142	0.0874558536292953
0.34719211145130285	0.3735387864548838	0.36438154171952203	0.29293121809087463	0.08321011988708121
0.337045779618461	0.37234365905794636	0.3704074340708114	0.2958003483769838	0.07822113070646514
0.34602982819537703	0.37069887060033707	0.3580328909027606	0.2967448630143919	0.07545789104440936
0.3459197664276108	0.37512518861866934	0.36394919954297483	0.13706657641074238	0.0748244130702884
0.33710722183175096	0.36830843371503497	0.3613012787097555	0.0833406763156052	0.07133141094270878
0.3344574437650573	0.36209218135422766	0.3601799848134558	0.06819788183626305	0.06847580445125277
0.3398489995152141	0.3689479899147282	0.35755490326820455	0.06029769864000018	0.06710956053203332
0.3262825845300082	0.3577861240529038	0.3487993529842943	0.05260980598952456	0.06396787025777584
0.3209567505609042	0.3585705374131724	0.35435182161038487	0.04876939228276161	0.06089843359902082
0.3232872862264019	0.3570318182792201	0.34504505443146183	0.04601938242230878	0.061201116265467065
0.33073735926919584	0.3542175982766747	0.3462747871265994	0.04263391196156097	0.058216348423829785
0.32014545401953676	0.3497721100859631	0.3444757847987171	0.0402036264843648	0.056938894264533385
0.31762194309545577	0.3554145469308814	0.35110186977916985	0.03874228820395282	0.05764983867859596
0.3196111395764534	0.3471161316499074	0.3431152390778217	0.0357146508696363	0.05452742177011715
0.31917769905856175	0.3449767454124776	0.17442900876102554	0.0353004644479593	0.054101814851736464
0.3221387631829132	0.3407434760914431	0.11751005810964141	0.03403198127360901	0.05377788436801533
0.30679391008203916	0.34086084777436926	0.09850410708342978	0.03259845259015823	0.05195753595522602
0.3191826466251822	0.33616891625287265	0.08812935968570385	0.031082171184556265	0.051201942993704334
0.31543058964907367	0.3393869388210192	0.07883525726473545	0.03146799687115127	0.05043251512338744
0.3088420647984879	0.33131245346477883	0.07413043270406816	0.030003133799185212	0.04960650361864772
0.30145898198380217	0.33954670236391216	0.06848036425421611	0.028785968085041122	0.047778997999018115
0.30041332032217083	0.3318812414203457	0.0637050701205231	0.02773010109544106	0.04608155548801204
0.3069248126672053	0.33564708044614344	0.06057985489973636	0.027520390003538488	0.048593219865084906
0.2982594551866314	0.3319591541424432	0.05933339959558317	0.0270621053960241	0.04668020101649981
0.3045663774547067	0.3264684664166492	0.05678210071171333	0.026224058197663554	0.0461845224356407
0.29805027125665307	0.33086940592817016	0.05353225221681169	0.024930235036575	0.046795641646132126
0.299164010550055	0.32235897056129564	0.049629425024971016	0.02492708975777907	0.0439734650046929
0.28853872925271756	0.3260734179212002	0.04917559910880029	0.024777222558131907	0.04529203102945367
0.2949987358754249	0.33103161638655026	0.04800179985630539	0.02388019405324442	0.043858142441038576
0.29695043707137836	0.16293278054508104	0.045269183681139274	0.023618745605658978	0.04429575057743152
0.2886334477406937	0.10371857266063272	0.04511513210394805	0.02316403054082027	0.04313964034666492
0.2804676321956815	0.08682341005681721	0.04338986607616208	0.023377003457845026	0.04387470299516185
0.28241528616384476	0.0778201904405109	0.04241685810334542	0.022734171889550854	0.04195802757883314
0.27925354227080673	0.06986946703108676	0.041579205047367805	0.022945655109670463	0.04309349448022332
0.28146460294113784	0.06365189751815002	0.04002738131395998	0.022231262682191555	0.041475656144606805
0.2898904792106976	0.061200725472034416	0.03964370677766897	0.022382919936228877	0.04230563625540877
0.28153639410615267	0.055633511918280164	0.03979910500442888	0.022448334366540448	0.041666230629853286
0.2892786368842016	0.05351552335769322	0.03983745309512332	0.022020872510836263	0.04170738743699112
0.2944321666303496	0.0500522850705382	0.0366525303219895	0.022065133408969637	0.04026001728023102
0.28276899956223883	0.048081364711303524	0.037311085988112384	0.021790954453484807	0.03984284871603216
0.27941049181896727	0.0458491365794483	0.035776575965344753	0.021787397420543548	0.03965514546731852
0.28330728122035537	0.04476513594503291	0.03522593759552899	0.02139363848530423	0.03915175013339431
0.27164085247480063	0.0429212665542617	0.034998384039953825	0.02106165272348066	0.03840905910981892
0.1278170130365643	0.041373567203121714	0.034662427947573037	0.020220501677078357	0.03743014520848799
0.07839253427618002	0.03991523620379552	0.034177535358825915	0.020886221095500406	0.038552378259046574
0.06368156275747675	0.03780458043412785	0.03320205565589622	0.019942900825701552	0.03830253036545059
0.05469538418152143	0.03806853859359042	0.03262071453435035	0.020395390822759395	0.03748859751902885
0.048710058983939354	0.03737695963905597	0.0315355798491584	0.020458165013119374	0.036968653497602894
0.044750433510450445	0.03532822101431732	0.032520556055447625	0.02013367028606822	0.03757048396350776
0.04143855089078779	0.03493688161225269	0.032302476184637954	0.01996646892955847	0.037765781230786284
0.03773954903225763	0.03335121076773195	0.030383065476289488	0.019349803571658365	0.03747046580704886
0.03662663761078546	0.033381596874550445	0.030747137477864384	0.019289762682050394	0.03738233244137081
0.03505034221674477	0.0338752436001435	0.03262214824709748	0.020179252657096098	0.03749962166294722
0.03336942107285683	0.03291308021415834	0.030305461491198477	0.019880795856113607	0.03741645785358245
0.03238021976807538	0.03174254971811226	0.030765039832009705	0.01992740910119184	0.036368326329247413
0.0312674452391122	0.03141915021688127	0.030364046216277814	0.017462200458969023	0.03748962325055886
0.029875076525961337	0.032366593742309616	0.029541756976824596	0.01719625363759983	0.036673390966318456
0.029384408308112116	0.030689766263717874	0.029849596864655818	0.016545256547382117	0.0371615581900415
0.028323164414566792	0.03108008506009952	0.029255104977685163	0.016273845272981903	0.036451557341515284
0.028574782664246873	0.030124568282757575	0.029777325446838927	0.016381350272070723	0.03013443594793682
0.02739260321878412	0.02970310650251406	0.029209728016877715	0.016213515082664803	0.026789334905155178
0.026767141378634732	0.029392963299132366	0.02816041739052519	0.01616403999764596	0.02491422584447104
0.025568910533814774	0.028971733558741986	0.029398922982346982	0.01612141656944209	0.024905869599117354
0.024914243642021626	0.028794454301104805	0.028536816958881106	0.01587751274809356	0.02406310616418376
0.02539954056291632	0.028270094767403425	0.02879093571677995	0.015863803946567924	0.023378549772493387
0.024013412387474706	0.02827144327485348	0.028426733534887935	0.015828098553945034	0.022998322735128498
0.02424026634115392	0.027286970821183056	0.02836912839918795	0.01588799458597322	0.023263277366871726
0.02352554041444494	0.02719897269021215	0.0276619366005711	0.015454675573522174	0.022780374469011645
0.02346528588277301	0.027861254254017788	0.027950400234107182	0.015293441022105532	0.022119718401328366
0.02309282656158787	0.027093510817536314	0.028371642693839096	0.01592198767415854	0.02225085257855067
0.02249985587452075	0.025981078705633674	0.027224032508442797	0.015310020264609696	0.021589497028066375
0.02212254875494392	0.025941250288425505	0.026660311862330907	0.015543725956088454	0.02191863200910712
