1	2	3	4	5
1.683459703879589	1.6472805720156116	1.6489018893912621	1.6647603362417591	1.6445924940011678
1.3195126699974464	1.2564060078252615	1.27784814523614	1.2556180267992532	1.2346747509963683
1.0757282106467823	1.0288499436719964	1.080920561195335	1.068050277812402	1.011921682473644
0.920120298557574	0.8857387446076668	0.9408547183131929	0.9461986515528104	0.8756244681070532
0.8260371869482349	0.8025622666644314	0.8444986279358335	0.8475384980516356	0.7957854039223905
0.7663822180169926	0.747386246157424	0.7822157489064405	0.7776607973953646	0.7428972709666742
0.7314167444205959	0.7119638458694638	0.7455259865659586	0.7381239674432808	0.7074687573153648
0.6950688659382598	0.6802733926974297	0.7023095410040889	0.6986207106839055	0.681323419294089
0.6742874811524928	0.6623023579949922	0.683387088729902	0.6756496716795669	0.6579269057192156
0.6564669951301101	0.6451589499440642	0.6617660661944952	0.6593180871223249	0.6442897603334973
0.6416751087626529	0.62933662526138	0.6472727981827148	0.6429794089263662	0.6322557250099722
0.6243168515012697	0.6142142611696292	0.6349014321251589	0.6302710953728319	0.6164802084950838
0.6174873958158376	0.6088112591934938	0.6220080471404676	0.6185343125287228	0.6082083810778224
0.6081500561798322	0.5956610434348021	0.6144734813886524	0.6084784503330658	0.6017911646829539
0.604661334353639	0.5897806176291712	0.6067655017156427	0.5942276535589059	0.5865285327977229
0.5911721862338084	0.5844054684767026	0.5969324606611299	0.5926446779762086	0.582138833639872
0.5869446382345747	0.5796943537109656	0.591654802832152	0.5892527591999229	0.5858776547262431
0.5810871461925604	0.5742562857582746	0.5890488293774597	0.5827998750654939	0.5739421718718146
0.5716097188727626	0.5739506831406941	0.5854976573563594	0.5791437585488007	0.5661205148605425
0.5723937665257604	0.5692860690681532	0.5795861190694677	0.5737073190529338	0.5633953430158705
0.5671049934214033	0.5650412668200098	0.5694053260719083	0.569636084768168	0.5628848589594712
0.5608727934262935	0.5571439414835337	0.5672888387651998	0.5654331695698108	0.5577686242282843
0.561042245849014	0.5612147211876065	0.5639449856470307	0.5644926482149399	0.5514396368847485
0.5547067475745746	0.5549041017546984	0.5598304063615291	0.5610870818042997	0.5502499140741884
0.5554267643662673	0.5549462340829315	0.5584795683088816	0.5548710327624052	0.5467878270637043
0.5620089679422895	0.5486567325299352	0.5588965790960798	0.5555249431249125	0.5457728324491344
0.55416368805539	0.5445844143095525	0.5513320280157995	0.5513187249755617	0.5450863290930648
0.5421365441568675	0.5405649160942458	0.5453061200011416	0.5489488209757353	0.5431226483543823
0.5455769818762074	0.5426611310380798	0.5479605284798177	0.543346214020039	0.5445163765221913
0.5420011138672113	0.5347574442396378	0.543767120374743	0.5421132233441639	0.5362642415039378
0.5360687990932512	0.5362362543792665	0.4072922298594205	0.540588904296041	0.5402461513686362
0.5375727845732213	0.5327157886589275	0.3556143688347643	0.5358576670174708	0.5371924627315051
0.531643491343159	0.5251751391936446	0.33246616998215717	0.5349145443238258	0.5382949632147086
0.5370532355040232	0.532510994873998	0.32445040871115294	0.5339918904139873	0.5336577223085073
0.5332114275001807	0.5320699103652967	0.30922022644821046	0.5369564796347753	0.5302420969661846
0.5296691675930072	0.5289568429255425	0.30231228013477696	0.5318674393322157	0.5314397575605254
0.5323556610537912	0.53521622080937	0.29748215844564124	0.5338116642611717	0.5331168827955682
0.5291527426608684	0.5290380592083992	0.2899316640003872	0.5353778538953925	0.5354914474670236
0.529854960225122	0.5290055459417649	0.285429289578782	0.5344979915472553	0.5326453220204007
0.5255949751800285	0.5348034883704026	0.28413214524993496	0.38984981747082104	0.5273654487584255
0.38576692899169795	0.5274375367652422	0.27815906427171844	0.34132922899997453	0.5245407892919868
0.3370496786921227	0.39426204569809264	0.2758468666192518	0.3247273576534008	0.5284000279196079
0.31708482144128924	0.33941298871851344	0.27403863064011025	0.3074826034133696	0.5252910658831486
0.30530699454914906	0.31803836271433594	0.271928894931398	0.2986793384298945	0.5202673461736013
0.2967990279731235	0.3080470387054526	0.26786318943476123	0.2939156704698985	0.5269133521772705
0.2859687205318294	0.2927918263408536	0.2673397537539987	0.28187795520743414	0.5184529417616021
0.2805231943383546	0.2914131071866321	0.2672862225328868	0.27779493334195804	0.5205090414075294
0.2745403936680629	0.2823365438357947	0.26211371585307497	0.2744526263621763	0.5168784841552111
0.2681400713789491	0.2781872933782886	0.26123704370635237	0.27270219913300336	0.5187390881121305
0.26632062195207173	0.27218764178130944	0.2615199215386225	0.2652004831434822	0.38537641277398627
0.26185369034252515	0.2749167446361477	0.26680189574999574	0.2676111404471996	0.33782886925255845
0.2631653509938808	0.26709503442277677	0.2591164707756406	0.26632905734317097	0.3151138963373115
0.26365854101412745	0.2661747182231119	0.1903815872757636	0.26048876181282965	0.30340154438524897
0.25914346596316606	0.2616411460482558	0.16170188237715238	0.2612877803690295	0.29296514738703594
0.2581824180491439	0.2581743035475006	0.14625483555981275	0.2568011249956269	0.28526923967444356
0.2592155310846961	0.2622833339988116	0.14274134272542743	0.2614713944590001	0.2826228048033118
0.2543249232003755	0.2624236904561066	0.13570184662671336	0.25914844325588804	0.2794922738886246
0.2549712143819349	0.2594321079533121	0.13141994598462137	0.2555223616873821	0.27222517719659045
0.2515464317996789	0.19524412611713798	0.12407128259425275	0.2538233963234346	0.26363922981426224
0.19195936077162423	0.17106004728152016	0.11904867889021367	0.25725999539313116	0.26618974634905906
0.16569297595897592	0.1634673701927942	0.11790856441763967	0.2568036545153773	0.26275402688614247
0.1548209596530099	0.1558258863894835	0.11574408510590299	0.254265969290453	0.2624089051314325
0.14528147490395016	0.1477354785803792	0.10864123809711097	0.24791393196567543	0.2591600848357087
0.1359578363521173	0.1434314129469188	0.10293260974156888	0.2525144221113466	0.25499462601169015
0.13624916884028695	0.14249255300482813	0.09159803706819145	0.2524774014721137	0.26012495769869026
0.12869671609281275	0.13668052117576085	0.0871666619444595	0.1793620575914909	0.20242564572626368
0.12723650723276542	0.13299483911651158	0.0851601413058122	0.15227170354303185	0.17992077861219405
0.12085314115028255	0.12503938312115875	0.08222711105804761	0.1389858662281805	0.16623168181427903
0.11877304898655933	0.12910427125480478	0.07918526057887561	0.13404938303258104	0.16143112291422346
0.11241763525301841	0.12182831935717928	0.07713492946399142	0.1245309806540799	0.15538995953090973
0.11121863195353461	0.11879306261325277	0.07745096707702297	0.11948251124957335	0.1504414952586374
0.11342542564205806	0.1178634709028332	0.07697184917890963	0.11450786215951074	0.14589842016358504
0.10771521237080967	0.11343206289936507	0.07200405746698373	0.11018445137935838	0.1433969272105285
0.09426897003903724	0.11380104472874986	0.07082702721114197	0.10599650139622684	0.13779238494270296
0.08852339603597548	0.11172202623942316	0.07224581917495376	0.10545429775057846	0.1328050873201827
0.08401246208345037	0.09718721258975659	0.06877699121832842	0.10144553708908205	0.13065885122665355
0.0849472697528884	0.09180092602453725	0.06948523989895268	0.09956275666480328	0.13112819413928403
0.08272104431181918	0.08984021939184818	0.06834017358663136	0.09960473533672147	0.12776243544714846
0.08166504753729725	0.08591695882075122	0.0663708694317304	0.09768148150075887	0.12641968223673614
0.07924037425757369	0.08176702619208705	0.06470798999738055	0.09391227195901639	0.12231079496614768
0.0781200468502081	0.08122769706522864	0.06509394404928553	0.0906898702835412	0.12176762802331033
0.07724557091932156	0.08124108952672586	0.06346382241210213	0.08946657815800457	0.11603781864847368
0.07543179195593383	0.07884757242182182	0.06199086938158174	0.08672271137747463	0.11846218074259851
0.07391625698989314	0.0781609013133571	0.06179468174610301	0.08641734287676302	0.1157287341325789
0.07070068276637345	0.07663553298148504	0.05915831458633364	0.08379565151241579	0.11409497142905162
0.07106665352268896	0.07699643270305508	0.06139007272184507	0.08427664361265312	0.11183288881121692
0.0721778221037763	0.07624578831807895	0.05966257842738766	0.08094954285341918	0.09718506298292329
0.070193894836299	0.07327274217382265	0.058802066366081054	0.0687021795860337	0.09200286311204625
0.07111616302615088	0.0746631257740966	0.05634612007462005	0.06059160920055323	0.08781403621844472
0.0679032608885747	0.07229703366089509	0.054939253836908314	0.05647448607532266	0.08427090272593224
0.06840831540105745	0.07373471304659966	0.05758269343172649	0.05687192610710321	0.08372609478795467
0.06692890785253411	0.07170829477022067	0.055365439123281124	0.05586529102967221	0.08447427773262231
0.06634153841573102	0.06802621291821725	0.0564334219050072	0.05321113260753474	0.08122359944121615
0.06812763191721476	0.06829374605584931	0.05373867481108518	0.05246689050551265	0.08120549175783497
0.06584551495492762	0.06671174315978642	0.05356525906535518	0.04964580187750288	0.07611980828959161
0.06847480979397931	0.0687546100315002	0.05507464283872441	0.04795572533250764	0.07729317503683548
0.0681512542068958	0.0656785496922634	0.05513859569283247	0.049179553561617684	0.07921819150676507
0.06826382252337684	0.06435620760464157	0.05384766561029212	0.04877645761975091	0.07732408982999335
0.06695969596676662	0.063559812996203	0.05381532272090539	0.045887632228796146	0.07481241325283294
0.06602576975722596	0.06302434516132181	0.051790405212499016	0.04491132326290739	0.0728551965121113
0.06831020860434948	0.06219735589650131	0.05136662786897953	0.04578892739437274	0.07410609458223019
0.06608489370140272	0.06364324727498204	0.052653300840302834	0.04683441944096399	0.0755716767162084
0.06690298848311474	0.06279238367743813	0.05189366316627669	0.0425104364428831	0.07156503996561704
0.06532906790447367	0.0644112301709326	0.05178617218228252	0.0433535719638133	0.07088127818501659
0.06631517963355311	0.06297446036106333	0.05141738831253768	0.043722752152996876	0.07215295152267068
0.06754303465852193	0.06054509404446459	0.053740035542441784	0.04159931906634741	0.07195839781285551
0.06736175449150612	0.06224814751435575	0.05246891670138632	0.044299455388160935	0.06736921310386693
0.06673881581143652	0.05846208758423546	0.05269056648168414	0.042461989490348705	0.06727303521674309
0.06734334385913357	0.06079675231005066	0.05057476978043993	0.04271387114473011	0.07054876997742966
0.06625171949910687	0.06160186590326716	0.05315595627536098	0.040460344623116866	0.06738109436467331
0.06665277421055248	0.06364206363782862	0.05331132082206667	0.043024994933125005	0.06873102008324601
0.06678229504172002	0.06300216584521179	0.052621247851863825	0.041931239378345614	0.06777053624582105
0.06707013426991677	0.06094734536012267	0.051858458544134796	0.03873964952176334	0.06282433208144834
0.06633181549380052	0.06030607368330212	0.05081627600352326	0.0378942079079883	0.06325895919004826
0.06856387893161969	0.06166807180532563	0.05266660140336626	0.04140863977277371	0.06377606820362763
0.06644289222691217	0.06183484578719528	0.051676019792780845	0.03938047958495063	0.06201453477887395
0.06881059578541296	0.062024210091403985	0.05183976028791018	0.0390681121974726	0.06052806063571856
0.06781340781075261	0.061549683170550325	0.05214519573904368	0.037120247347866314	0.06198833053907775
0.06795607789722093	0.061805834012377596	0.05124269661677	0.03698736207221479	0.06046898723544211
0.06597693011526716	0.0613622330367337	0.050826932277406534	0.03710995815084565	0.059047989775914966
0.06639596029563485	0.05953764019872221	0.05279678197772911	0.0348235909086283	0.06151096660958226
0.06703327559982719	0.059695415779986334	0.052067122557927004	0.03437510228541957	0.06201572137911001
0.06714678759617579	0.06012884948564615	0.05407589678283391	0.03459203146550506	0.06062484794603587
0.06889688565164724	0.060371662220915286	0.052208735195495855	0.03485596097072065	0.06105041746859961
0.06649589202726437	0.06056254402355615	0.0539366258760852	0.033439619118905146	0.06136247012144922
0.06776717526700025	0.059942873923674846	0.05366386330264914	0.03472640601170184	0.060897420786911884
0.0665166943674655	0.06184980501432704	0.0550028571044393	0.03328204025392945	0.0628635694732523
0.06606110354975975	0.05801059088438671	0.051463354500415545	0.032593263401304515	0.058247548449412954
0.06666947344360911	0.06102165125329478	0.05063995368340433	0.03334239019019067	0.05810365003659907
0.06543537107822686	0.05920795932926639	0.05143300462466526	0.03215899654304433	0.06134827516001207
0.06352532928919093	0.06035866425432203	0.051572502864634266	0.03289907335606223	0.058496399218087934
0.06883967241934495	0.05885359159458784	0.05127450494129026	0.030850240771356206	0.0601539372483178
0.06551420546667959	0.06017130089309212	0.05184916844186575	0.03370801214595581	0.06064749368087713
0.06471237862754199	0.06040131246380486	0.05186633952914751	0.03235130301197929	0.05989240833065086
0.06617301636282585	0.05952229182166823	0.053952601164236384	0.03125428922993638	0.06014747581804345
0.06365278102648078	0.05965785867036756	0.05191015739403571	0.03191459310405393	0.058425653949761014
0.0648828403895621	0.06031551836606334	0.051502055157442835	0.0311431767195082	0.06016275061823216
0.06620255315585818	0.05990620400480302	0.052941344983285024	0.03167026500929803	0.05987720293900395
0.06578452694598977	0.05870016181693817	0.05137630600644194	0.031199628544394967	0.06000013749979802
0.06689739552185968	0.05949731228773097	0.05107422768021636	0.030119206954051	0.05832679276747622
0.06637682676162877	0.05927359528096435	0.05093396636550234	0.031524215022202026	0.05828979138351615
0.06616955814058967	0.061872722233271685	0.053618598324449165	0.031022135392212515	0.0591951500043235
0.06768899217076461	0.06100617341525716	0.05426970016582847	0.030382505663291884	0.06004707043147299
0.06824733775652125	0.060484744941868146	0.052927163817807814	0.03207235944354931	0.06139069163452481
0.0679878086766318	0.059664042833287384	0.053428345524212904	0.031503617649188104	0.05909159992490431
0.06873601112428988	0.06118660298226129	0.050954498731724134	0.030515402269637795	0.05932292471761287
0.06711815277119279	0.06036554259317154	0.05278764775885114	0.03200879970760758	0.05919030358743329
0.06659415961169371	0.06079262030570558	0.05326112094418622	0.02937065012505291	0.060495206786086185
0.06923718966753273	0.060892355430614005	0.05225026368370752	0.032599721161072216	0.06035310523036646
0.06393028942920516	0.060148310078227026	0.054689387102489884	0.032321489037340834	0.05986760081747152
