1	2	3	4	5
3.7496115246697146	4.011197395641783	4.019173647741528	4.156642863207764	3.9268660600228085
3.3271587943786862	3.984702256634412	3.731723754302313	3.8533458490200956	3.6344902905661742
3.0198169486297046	3.7869295317803515	3.3010176752534344	3.5792745452402768	3.3032386430998892
2.7533832690904805	3.47161018330118	2.987628438588603	3.3315414059192623	3.0330001567025935
2.494222173300545	3.183295107863441	2.7112914241488326	3.1301277433819767	2.7931398110621415
2.3102013287336933	2.946721051355151	2.476281160283882	2.9408540036672215	2.544108995696167
2.1444086979722137	2.733465689222526	2.2844718868470246	2.734997221880863	2.348192279601038
1.9928522683165562	2.5150558393629594	2.1250537112545738	2.5283399866060234	2.1764091122180917
1.8738034677017672	2.3334978925602496	1.9971970304503763	2.3518865358494105	2.05894293992416
1.786676934308104	2.182358236264085	1.8976435130819338	2.209780785738659	1.956830678693475
1.7232310835967592	2.065557061863675	1.818300070360188	2.091521802460751	1.8807133384372878
1.6553771666553625	1.9485715783160673	1.7383653401108972	1.9808454117201788	1.8010668153957945
1.5869344472885125	1.851236432104768	1.6713095976568548	1.8872820898090175	1.7305239484743082
1.5338052645363787	1.7681698893647058	1.6027313345838383	1.8093548287516061	1.6659784987759414
1.4706989938340826	1.685022077292128	1.541034376529781	1.7243423952775845	1.6068711918028413
1.4278406429168824	1.6181172358105564	1.48776296611942	1.6602613718613346	1.5544629011617608
1.3635762850646782	1.5412180015193222	1.428501473363403	1.586696077185824	1.4948365090753102
1.3324420016135106	1.4900900726123225	1.3852425176469263	1.5344809162647233	1.4495822889420686
1.2818298074595467	1.43161469865638	1.3378025070785577	1.4753230999192928	1.4019649419028442
1.2518923617994702	1.385409981698332	1.2964339372142206	1.4353570233830402	1.3635500456061194
1.2153428774660509	1.3335462784218364	1.2618438340818787	1.3817970444784136	1.3233492191490306
1.1778514324246776	1.2874381877577221	1.2160491065296077	1.337794649631471	1.285475803153289
1.1456578347993926	1.251033632346735	1.1826334258784414	1.2988478311187468	1.249320700345442
1.1139741745751228	1.211621837237913	1.149000819229408	1.2634757315106406	1.2175101633267014
1.0895204792547117	1.1819214959583635	1.1149879887585743	1.2211564788428109	1.1828003731530043
1.059734632749387	1.1390712370957865	1.0912594142777223	1.188497969104202	1.1484323148532298
1.029398981415096	1.1072094350519694	1.0584412956481704	1.1502166760851973	1.1177778372069445
1.0126690571875219	1.0840597736561086	1.0283237857282006	1.121050230682353	1.1002540753015777
0.9845949774203087	1.0503503576568922	1.0100638034093712	1.0961794075758564	1.067522445298217
0.9630696840603331	1.0274908487754104	0.9893732171534276	1.0709280519534259	1.0421781276193112
0.9537118552895767	1.006812099758011	0.9625782826367547	1.0449295422000344	1.028065859051922
0.9310626538513261	0.9830732011734067	0.9482487641332102	1.027362226982555	1.001578963930954
0.9110898369413511	0.9702546485244772	0.9298998957399816	1.0095988130935312	0.9912155968758762
0.9021313772786914	0.9485025021731092	0.913633918670742	0.9820486637942322	0.9651571708871891
0.8952225016815888	0.9319810807857364	0.8967694013624844	0.9618297975386496	0.9456897118817204
0.8730109112951762	0.9203599174614155	0.8878620919364191	0.9568809037623198	0.9367189942418462
0.8638874662806618	0.9051939023425208	0.8727878361101962	0.9356792709406687	0.9270901696761248
0.8627554388607246	0.8927712342928135	0.86334249903174	0.9225079427899606	0.9114375401031025
0.8405314837880148	0.8726050522931091	0.8492337460713008	0.9058601144329663	0.899709748490082
0.8353986394069993	0.8767948551556033	0.8428823391494846	0.8951440926098153	0.8956294113107958
0.8305973392313402	0.8634568289722623	0.8357078369011351	0.8897098853155171	0.8737760884377654
0.8097795598647174	0.8470934141627362	0.8174228570650292	0.8673157696528813	0.8666053796973073
0.8071918053090414	0.84105829326698	0.8221320015999967	0.8681825443606856	0.85520499959931
0.8049692293567118	0.8267138611020332	0.8124841274812704	0.857207475873211	0.8494398011575883
0.8021749277858783	0.8274437686061614	0.8101981300527175	0.8436878928747933	0.8418958713026602
0.7855995631278933	0.8067056265328546	0.7921852057852095	0.8376190192864067	0.8280139745348862
0.7836677192727016	0.8065287181178629	0.7931525653890328	0.8304301649713147	0.818136925740011
0.7773556437943597	0.8105163953798198	0.7855469009760399	0.8251103644480791	0.818400524308919
0.7728092449400429	0.805882247665044	0.7847649814832551	0.809759428738938	0.8102670988768264
0.7587830242903337	0.7941215375195378	0.771531426235843	0.8155669983085764	0.8019351357084409
0.759605982724358	0.7852783253430713	0.7639974328258153	0.7953110634518405	0.7995996621563614
0.7696739381841377	0.7793990509284424	0.7700324239938159	0.7977516841705498	0.7835729100820048
0.7547893635452243	0.7773304982563413	0.760943396317075	0.7970073890807988	0.7868910401373566
0.7538436613119478	0.7699116881546159	0.7613330375203085	0.7903025619819041	0.7854979271474092
0.7511373227057254	0.7691997504600173	0.7527268559426601	0.7852537878943832	0.776327446903414
0.7420178831690715	0.7603669707732431	0.746306977156178	0.777166310326218	0.7716491316895351
0.736082262242846	0.756187218229484	0.7348976921852292	0.7786471290356668	0.7686803943055979
0.7404794781409266	0.7508532512370891	0.7489200299963008	0.7613910980846568	0.7712167239250131
0.7402751554003758	0.7556414430403647	0.7443289733908667	0.7637157136826871	0.7580812181658149
0.7287404807022466	0.743831905867438	0.7379564793823324	0.7662177873999265	0.7545281756869365
0.7319527010783509	0.7559394906548894	0.7355367590094464	0.7722581603642925	0.7633447576971618
0.7267179938838308	0.7468861370440333	0.7268362339500268	0.7555434110829289	0.7468471956984771
0.7282325891430121	0.7404552775880562	0.7311648413958145	0.7550960756323832	0.7518445777771111
0.7235883103917022	0.733156497521168	0.7283575207071233	0.7528140313180206	0.7448035573105671
0.7169017671319229	0.736259924328846	0.7204948935057502	0.752585327381369	0.7425479786780188
0.71886291543541	0.7266544756072256	0.7105975608386647	0.7442771204749639	0.7414023395999317
0.716352256515142	0.7298438271598133	0.7169796649147484	0.7446976386372696	0.739045671337401
0.45804516311801613	0.47619873026142917	0.7184417043500548	0.7377997900518916	0.7318806558313878
0.3290634789430274	0.35100025601704066	0.46260173896999285	0.7367362951683565	0.7322452368638703
0.2744810574728511	0.2862828271392059	0.3252980975086426	0.7286760675937628	0.7211223534305989
0.24026024886561795	0.25724371375940014	0.2789045669462367	0.736097206849881	0.7231088090125865
0.22296114856629745	0.23363254270742614	0.24566277179419233	0.7317914840815319	0.7192742236130072
0.20517187373107654	0.21725559699565875	0.22751857751928012	0.7366024874665248	0.7341169381080684
0.19044653976055065	0.2000883375211138	0.20653846753222865	0.7188106368264886	0.4628890273363696
0.1845062368780451	0.19467124537281366	0.19384154726934544	0.7230159030546007	0.3371287054951541
0.17536651684195192	0.18456355592859985	0.1873044366460017	0.7282378316840249	0.2841704613945979
0.16834244503618206	0.1757938698543916	0.17743942067217652	0.7187851389960558	0.2539072063039335
0.16288719789298892	0.1714500009327594	0.17136564435403978	0.7249666559116921	0.2281764145473691
0.1575926400892571	0.1659132234961786	0.16494567657980477	0.7094682381890927	0.20909193200071136
0.15351469929108535	0.16009399231971053	0.15791256981127708	0.7126948445501837	0.19659626834532806
0.14958367155640942	0.1571169293025875	0.15508124287552236	0.7123582831124212	0.18632971657359065
0.14943013244958792	0.15360660870056939	0.15140539756440152	0.44876491642364147	0.17820932249278998
0.14757380377301169	0.15540389070654156	0.15112172490190673	0.32481977046298244	0.1732254156752317
0.1449610235745949	0.15094026869825083	0.14558080953481556	0.2712984866727038	0.1667732757223232
0.14378371672785814	0.15160685400371374	0.14645903959603565	0.24291972305311268	0.1626246884046004
0.14030075524850266	0.14865748218410763	0.144339095448594	0.2240076982761589	0.158422075440664
0.142384991278429	0.1470778004249648	0.14099496435326378	0.20519816785898354	0.15603997343031648
0.13782002111834948	0.14522661163907524	0.14072902083320687	0.19063094610829487	0.1513809294003965
0.14181954674708586	0.14844902336140134	0.14362747487052308	0.18349021896148277	0.15192034013588393
0.1373766801889289	0.14513765424108874	0.14026702103941024	0.1745821874388648	0.14883686543044533
0.13715903074159042	0.14411464537424817	0.1399950071254657	0.16712263862952567	0.14505600422392115
0.13990530455508812	0.144331143792633	0.13777624285968068	0.1635543725565266	0.14748311301936273
0.13719956161420985	0.14282778951594294	0.1393165636588546	0.15971764954535864	0.14419034931360922
0.13724461832391027	0.14150822050202538	0.13972556457647578	0.15362897576273551	0.1451195338193108
0.1369271840700103	0.1431872959217756	0.13820529908246693	0.1512982982503789	0.1437883513891485
0.1377234772190718	0.13998967988411787	0.13820737524105767	0.1496860111308525	0.14014926514662143
0.14113792485516996	0.14349599979112826	0.13905411428960068	0.1488222262019392	0.14481639909698546
0.1375882064404389	0.14267723759650577	0.13760281836285315	0.14621357250091677	0.14181668997344454
0.13737967549382588	0.14183837632693905	0.13873408605223114	0.14439376904760182	0.14175255832922112
0.13825684067462102	0.142286490105912	0.13604513285181408	0.14343504887788794	0.13965301341412925
0.14169889743751887	0.14384461537270274	0.1409524428227064	0.14458932956237613	0.1405210728611787
0.14249390855317226	0.14452483085796383	0.14249313556019907	0.1429833702152342	0.14161262045735912
0.14367282318184735	0.14236524788772342	0.14043420858090486	0.14210211007338952	0.14446056685636718
0.1412990030349063	0.14505576161319952	0.14075078697079582	0.14111737426741963	0.1390229151262652
0.14135375035845724	0.15390273665680604	0.14461005370482752	0.14276066477722538	0.14141727406579227
0.14126604652541988	0.1510112837833516	0.14570987373209376	0.14134939912411248	0.14285381934831826
0.14195394523613283	0.15406634464212088	0.14763653707092664	0.14013133243755319	0.14525714005960538
0.1419706516101231	0.12314417230351198	0.15232928468824347	0.13942698435024242	0.144928490719222
0.14862387785521317	0.11250696872430083	0.1509112824907388	0.1412184597814782	0.14525257241542994
0.12065616497755663	0.10872524452712529	0.15250998064685067	0.14072453794653159	0.14931284518116886
0.10746113168995093	0.1051358187290103	0.14574791769237483	0.14079681452354195	0.14805988536771308
0.1031938018968038	0.1042555361185842	0.11824041648822675	0.1407499436069938	0.14544094917947978
0.10109809370678102	0.1036600408422977	0.10707856552756348	0.13877258910928533	0.14767254847089953
0.09869208583212874	0.10209596096097362	0.10145443216766542	0.1398636632220217	0.15136880812513856
0.09862256543639368	0.1026247992463734	0.09861954321603637	0.1384653642278195	0.15497208842078738
0.09872797586957507	0.10164427743924546	0.09799891954187846	0.14177136262283313	0.12162210346411555
0.09683915164769459	0.10113903836292382	0.09693285332197117	0.14257254226662006	0.10987878266883934
0.0965010255689511	0.10161745220498965	0.09626321456468934	0.1438066958428345	0.10530839123003313
0.0968608347713337	0.1016662332331738	0.0949268256078291	0.14700741576188062	0.10220213600284311
0.09623995303269241	0.10116912506501696	0.09573422942091436	0.14638306793120828	0.10124414433222607
0.09531500258142372	0.10025349320353141	0.09553392920309628	0.145881127099247	0.0995039492845536
0.0954047635083308	0.10154639914288847	0.09445976349703794	0.14334437403532543	0.09768048484269005
0.09728302945718746	0.10270036389227112	0.09632302435767619	0.15377985240172234	0.09851237279755982
0.09680908316236633	0.1017469516800493	0.09459622239555841	0.12278769611169006	0.0979043120694588
0.0980816418138307	0.10195373962907227	0.096295394670323	0.11097040374184508	0.09769691875599845
0.09696650724200648	0.10056443561983223	0.09541406688254209	0.10711182634848769	0.09697165365909671
0.09830147176599872	0.10202254433080057	0.09588877908180453	0.10516892646051125	0.09757050946164314
0.09783358792857744	0.10239068662647705	0.09631240659433866	0.10289167814776103	0.09737796422160792
0.09678600496038453	0.10131916992575923	0.0956300708186596	0.10072980838282329	0.09686010654853738
0.0963826843577882	0.10195571374710259	0.09676678175740233	0.10046106950401348	0.09646534176586227
0.09585433287541277	0.10345487033619602	0.09736640356919343	0.10070093583953961	0.09710924818997496
0.09570175028213145	0.10340108697676591	0.09672128176673908	0.10090949106246921	0.09783286814723176
0.09522222916183568	0.10400339976296087	0.09705214015663127	0.10067463530908766	0.09810866596524985
0.094789749492541	0.1039426071983774	0.0972031984106659	0.10052992855115318	0.0977275954640429
0.09456809084205071	0.10363898066151175	0.09747184309965515	0.09761310450713652	0.09682960225188213
0.09499192469374598	0.10180204584622937	0.0960232039813496	0.10077360047556255	0.09930132819182423
0.09460440306636067	0.10241908654380026	0.09566758523511766	0.09879309695471275	0.09943659835116331
0.09435651085489541	0.10122173355744626	0.09503522970716058	0.09985320009005343	0.09887855820110081
0.09498080733182188	0.1013344518668816	0.09532347643543068	0.09993755985099027	0.0998874672347933
0.09480681335148604	0.10114251340136807	0.09536510995586814	0.1005824123845076	0.09921107629833319
0.095840569556979	0.10136083625923956	0.0964763106116095	0.10110570242642743	0.10168554959699622
0.09477142108332778	0.10054991382848269	0.09418866406087673	0.10091151169422637	0.09790586424834294
0.0947674182446106	0.10027654076476228	0.09444120634928384	0.1012091080627173	0.09770899753817515
0.09526971668538528	0.1012578168145531	0.09565828226106554	0.10202254798939771	0.09748895159539052
0.09462719020979174	0.10088489404724685	0.09552650700520977	0.10211821445418749	0.09753115488516402
0.09519350052337204	0.10085200928056326	0.09593870237355341	0.10275177293650029	0.09730875718852748
0.0942660720299577	0.10040997216463707	0.09509994426880349	0.10043956236461243	0.09749498592732514
0.09530573101985787	0.1024364178423839	0.09614147304955041	0.09923432060443532	0.09748610497816748
0.09378217130213444	0.10112277889038293	0.09475656358710942	0.09909092838806868	0.09714411570669132
0.09534788377525857	0.10120240962871209	0.0953887999438873	0.09892199904946102	0.09797449914924328
