1	2	3	4	5
44.08800000000001	44.96	45.56	42.44	45.089999999999996
60.632	60.922	61.03000000000001	58.776	60.583999999999996
67.15	66.914	66.992	66.432	66.938
71.488	71.044	71.004	71.16199999999999	71.16199999999999
73.942	73.55000000000001	73.454	73.912	73.222
75.604	74.968	75.234	75.44	75.05
76.64999999999999	76.20400000000001	76.378	76.386	76.088
77.334	76.702	77.244	77.392	77.092
78.19800000000001	77.62400000000001	77.854	78.152	77.756
78.51599999999999	78.27199999999999	78.304	78.61200000000001	78.316
79.044	78.718	78.912	79.036	78.95400000000001
79.47	79.182	79.07	79.352	79.378
79.782	79.386	79.568	79.808	79.598
80.038	79.612	79.932	79.944	80.014
80.536	79.974	80.286	80.24	80.27
80.52	80.21000000000001	80.36	80.39	80.47999999999999
80.49199999999999	80.08	80.538	80.432	80.582
80.964	80.52	80.886	80.902	81.02199999999999
81.084	80.794	81.104	80.994	81.012
81.21199999999999	80.758	81.06	85.92999999999999	81.122
81.58	81.15	81.4	87.288	81.114
81.714	81.138	81.294	87.8	81.518
81.756	81.362	81.666	88.384	81.688
81.65599999999999	81.786	81.568	88.51599999999999	81.574
82.08800000000001	81.84400000000001	81.938	88.876	82.22
82.06	81.77	82.078	89.008	81.952
82.15	81.81	82.084	89.168	82.21000000000001
82.326	82.314	82.272	89.316	82.45
82.482	82.106	82.21199999999999	89.474	82.37
82.726	82.324	82.69999999999999	89.402	82.66
82.636	82.526	82.53399999999999	89.52	82.65
82.492	82.608	82.77600000000001	89.75999999999999	82.65
82.92399999999999	82.684	82.926	89.752	82.88
82.894	82.738	82.72	89.77	82.94200000000001
83.06	82.75	82.956	89.82	82.956
83.096	83.184	83.05	92.476	83.222
82.934	82.704	82.93	93.24	87.944
83.39	83.112	83.15	93.66	89.456
83.17999999999999	83.036	83.21600000000001	93.816	90.164
83.256	82.908	83.07	94.016	90.206
83.59400000000001	83.076	83.404	94.19	90.666
83.178	83.22	83.43599999999999	94.366	90.788
83.58	83.504	83.158	94.556	91.16199999999999
83.804	83.59400000000001	83.59400000000001	94.604	91.03999999999999
83.68599999999999	83.64	83.402	94.64	91.236
83.92399999999999	83.498	83.77	94.83	91.536
83.98	83.64	83.622	95.016	91.53999999999999
88.85	88.622	88.666	94.94	91.634
90.354	89.99000000000001	89.912	95.14	91.728
90.792	90.448	90.512	95.342	91.514
91.12599999999999	90.80799999999999	90.864	95.24000000000001	93.948
91.28	91.07	91.10199999999999	95.31	94.562
91.77	91.226	91.35600000000001	95.36	94.848
91.792	91.40599999999999	91.44200000000001	95.542	94.974
92.07600000000001	91.7	91.85600000000001	95.512	95.34
92.084	91.694	91.72	95.576	95.422
92.258	91.956	91.888	96.348	95.62
92.22	91.848	91.824	96.57	95.544
92.408	92.082	91.97800000000001	96.706	95.758
92.34400000000001	91.822	92.17999999999999	96.83	95.952
92.326	92.066	91.976	96.824	95.848
92.2	92.026	91.986	96.894	95.892
92.372	92.078	92.066	96.926	96.004
92.732	92.23	92.164	97.048	96.128
92.24600000000001	94.248	92.166	96.932	96.02199999999999
94.708	95.26	94.44200000000001	97.098	96.36
95.556	95.42399999999999	95.37	96.99799999999999	96.354
95.91	95.746	95.632	97.13199999999999	96.294
95.91	95.89999999999999	95.788	96.982	96.31
96.316	96.072	95.918	97.32	96.50999999999999
96.342	96.182	96.25200000000001	97.292	96.636
96.358	96.276	96.324	97.38	97.09
96.556	96.41	96.426	97.394	97.36
96.506	96.434	96.458	97.378	97.372
96.75200000000001	96.568	96.61	97.456	97.48599999999999
96.88799999999999	96.616	96.698	97.49600000000001	97.614
96.92399999999999	96.572	96.798	97.208	97.50999999999999
96.95	96.66799999999999	96.896	97.468	97.626
97.036	96.722	97.246	97.348	97.482
97.13199999999999	97.176	97.468	97.48	97.654
97.18599999999999	97.37	97.504	97.336	97.638
97.304	97.506	97.53399999999999	97.366	97.53399999999999
97.26599999999999	97.616	97.612	97.446	97.744
97.32600000000001	97.614	97.756	97.52	97.72999999999999
97.44800000000001	97.642	97.672	97.454	97.796
97.822	97.616	97.71	97.39999999999999	97.756
97.886	97.68	97.69200000000001	97.44	97.788
98.008	97.676	97.784	97.518	97.81
98.11	97.8	97.824	97.466	97.89
98.194	97.78999999999999	97.816	97.532	97.788
98.136	97.674	97.804	97.54599999999999	97.868
98.276	97.81400000000001	97.858	97.36200000000001	97.896
98.26599999999999	97.81	97.942	97.586	97.97
98.264	97.896	97.962	97.558	98.058
98.334	97.898	98.06	97.61	98.104
98.26599999999999	97.976	98.024	97.508	98.02
98.318	97.89	97.882	97.604	98.05
98.336	97.858	97.904	97.512	98.028
98.334	97.99	98.006	97.348	98.05199999999999
98.348	97.96000000000001	97.952	97.532	98.14399999999999
98.37	97.958	97.932	97.528	98.06200000000001
98.5	97.91	98.03	97.494	97.976
98.42999999999999	98.048	97.98400000000001	97.494	98.09
98.44000000000001	98.014	98.012	97.54599999999999	98.084
98.518	98.00999999999999	98.08200000000001	97.42999999999999	98.174
98.57000000000001	98.002	98.016	97.37599999999999	98.14
98.456	97.89999999999999	97.988	97.394	97.956
98.52199999999999	98.06200000000001	98.06	97.516	98.13
98.466	98.002	97.936	97.46000000000001	98.076
98.592	98.104	98.174	97.552	98.14399999999999
98.58	97.96000000000001	98.002	97.436	98.1
98.538	98.004	97.86	97.446	97.982
98.584	97.934	98.008	97.516	98.05
98.514	98.048	98.134	97.504	98.05199999999999
98.49799999999999	97.908	97.99	97.452	98.064
98.556	97.924	97.95	97.39	98.014
98.644	98.02199999999999	98.114	97.53	98.046
98.516	98.046	98.136	97.466	98.11
98.63	98.006	98.112	97.414	98.004
98.528	98.006	98.096	97.45	98.05199999999999
98.58200000000001	98.048	98.194	97.506	98.206
98.65	98.006	98.072	97.538	98.1
98.55000000000001	97.944	98.014	97.514	98.14399999999999
98.518	98.004	98.11999999999999	97.458	98.016
98.638	98.016	98.102	97.49600000000001	98.076
98.532	97.902	98.012	97.306	98.03399999999999
98.662	97.994	98.086	97.556	98.126
98.71600000000001	98.066	98.078	97.588	98.232
98.614	97.978	98.104	97.39	98.162
98.664	98.02	98.13199999999999	97.54599999999999	98.14
98.714	97.96000000000001	98.086	97.504	98.136
98.662	98.088	98.138	97.53399999999999	98.1
98.546	97.992	98.154	97.494	98.1
98.648	98.02	98.056	97.446	98.166
98.538	98.02199999999999	98.19	97.556	98.116
98.616	98.014	98.15	97.42	98.148
98.59599999999999	97.86200000000001	98.064	97.462	98.11999999999999
98.634	97.94800000000001	97.954	97.458	98.08
98.71799999999999	98.026	98.122	97.528	98.176
98.626	98.086	98.078	97.474	98.088
98.658	97.952	98.09400000000001	97.48599999999999	98.24199999999999
98.638	98.00999999999999	98.104	97.55	98.09400000000001
98.68	98.05	98.064	97.558	98.06200000000001
98.536	97.934	97.97200000000001	97.524	98.08200000000001
98.668	98.084	98.074	97.508	98.066
98.652	98.06200000000001	98.11	97.49600000000001	98.09400000000001
98.724	98.126	97.952	97.52199999999999	98.172
98.75	98.03	98.268	97.708	98.104
98.56200000000001	97.94800000000001	97.968	97.418	98.114
98.644	98.11800000000001	97.956	97.35000000000001	98.152
