1
5.863347559613522
5.081935314841578
4.897727755471309
4.829776348815207
4.789254421382773
4.7659431086910775
4.752800578956684
4.74467736919682
4.735270592549471
4.7303173426743585
4.728857184266243
4.722065145604951
4.719951597817784
4.719124770759928
4.7157888167149835
4.716438879666634
4.717077924202497
4.715783289453024
4.716947747658336
4.7152566704954895
4.714389636871456
4.711460641809495
4.711623351985998
4.71163292579005
4.711855469645581
4.711507791667785
4.711407261104372
4.708941580841959
4.711159814868902
4.7123600930719896
4.7116716109074765
4.709441753867608
4.7087047292993445
4.708278880085996
4.7097108321709
4.710978578068274
4.709856755345261
4.70951415342051
4.710688886632938
4.710041532888047
3.9215941915264327
3.7259399853981585
3.660702322317769
3.613551943285489
3.57681924479825
3.5530976566520573
3.534108754924011
3.5185893077831274
3.507460295856301
3.4959525868609242
3.486793420364808
3.480890349193758
3.4734103839952364
3.4683455893805175
3.4650116558198776
3.4572875075049714
3.451538823296384
3.4489472046003233
3.445275252467983
3.4402929393442383
3.437885798488589
3.4348238742554074
3.4329805892187832
3.4278138231683384
3.4286516034043415
3.4272584100107815
3.425402682144326
3.4220335085551685
3.4202593080528305
3.4191253049509363
3.0984400269749353
2.973032318057117
2.9164168620562116
2.881101247051986
2.8541885910691556
2.838511414937564
2.8242545500859184
2.8157247553576803
2.8070479382525466
2.800576714845323
2.797722983741388
2.7902096804800762
2.7901249231039236
2.788120541586872
2.7844858386061615
2.782750890138263
2.7832007301437094
2.7803784631706345
2.7772779623111674
2.7750933502103816
2.6483688497162206
2.6152139657979934
2.6024769608433878
2.591869653855171
2.583578817184638
2.576515669732181
2.570296755180008
2.565076414021579
2.559287064963893
2.553168991419475
