1
5.851287658874334
4.969139255796154
4.771418147987424
4.698731261128552
4.655783004384428
4.630861319314232
4.616789624574308
4.608524393773333
4.598896208724061
4.5937245386582966
4.592086769555595
4.584713660396393
4.582397129485669
4.581596712037147
4.578467825171222
4.578502283801326
4.579857688874292
4.578491036470366
4.579701000041191
4.577728841997882
4.576756034626209
4.573750918347409
4.574411437180423
4.574140141727191
4.573969418328427
4.573609374738947
4.573730057364811
4.571058790071632
4.573887450354417
4.574868484572348
4.573921631575833
4.572002857619835
4.571256571764004
4.570476756300732
4.571928249443902
4.573513169817416
4.572308690374062
4.572269293335403
4.573336230720062
4.572859000707132
3.6156762271732537
3.4240894902598176
3.3540350509809223
3.3019299493564835
3.2612195126898396
3.235148389451381
3.2125953234158913
3.1965175639380217
3.181950009547987
3.1702603446615583
3.1591782724940556
3.152168261826222
3.144005480679604
3.138609635722732
3.1342283170301855
3.1259515505570725
3.119063688539242
3.116971918443353
3.111802436397984
3.106307453994866
3.1043372417186914
3.0998215642246865
3.0992614343092586
3.092571650065851
3.09426749200373
3.091580042638986
3.0899644287196955
3.086371665948869
3.0847313260698606
3.082600460757523
2.6450015826896935
2.52650114538429
2.475311704008258
2.440210045694007
2.414589536082857
2.3991600286353187
2.3852667560229666
2.375399036364593
2.3673401050634264
2.3612267520996975
2.3571848993415716
2.351405742297037
2.3499614501809254
2.3483693437857367
2.34359293059035
2.344633592580344
2.3416250301526897
2.3406497562801007
2.336135904867594
2.333848579041856
2.1731437972137435
2.135228297617532
2.1182599786873677
2.107335629651362
2.0974082224971644
2.090119819779261
2.0825061385805403
2.0767063069534015
2.070030603018203
2.065471107107068
