1
4.082918151966142
9.964743081893301
11.954101221776703
12.755167749403473
13.170336107626879
13.475370502050088
13.650054988928062
13.703521867172663
13.775721666262086
13.889680268068094
13.853151072420689
13.924414225467874
13.954933275677561
13.944630169212912
14.03017717440428
13.997316509088975
13.998877585826053
14.030723551262248
14.021279037002987
14.013161437970222
13.992399117367215
14.117285256332702
14.062803678209013
14.050471171986167
14.067252746909652
14.076150884310945
14.067174693072804
14.037202019721084
14.061086493798236
14.106279665336373
14.078336391742841
14.064833077967197
14.075214238268707
14.104406373251887
14.075292292105557
14.080053576153617
14.055310509871077
14.069594362015259
14.06358421657754
14.0638183780881
26.930525060355126
29.865661541391564
31.054967853527295
31.94556213202494
32.55922139736662
33.0706301364303
33.38659206801299
33.72495545077262
34.007354232508334
34.11272691226046
34.342049084935844
34.46154950915845
34.60633937652157
34.6879056360334
34.7869559550004
34.911529878618474
35.008706905501
35.068418090693875
35.12875370658157
35.20493425135053
35.25715226820547
35.37235973140114
35.37196946221687
35.50153883139357
35.47367361163689
35.511998045531925
35.54048769598342
35.61557548703643
35.68371648660948
35.6548365669737
43.5333566974485
45.638858946569805
46.54592258464353
47.16715307216
47.64093986186032
47.9805521060096
48.23040243777743
48.362469529733445
48.552920891655816
48.66890889322001
48.75156790644779
48.82275300565813
48.88441553677233
48.84257868021889
49.02772238123523
48.962391319788914
49.01367269060162
49.05449484727596
49.13418781470331
49.16236524980741
52.302471106420946
53.078794567765165
53.38375090835152
53.60682877407863
53.81640332603009
53.96509588523588
54.106451383777454
54.23047893053755
54.42108640013363
54.450668804301074
