1
6.415143820956046
5.320355485464578
4.738554670832124
4.408515916289857
4.186693836354093
4.027170227005079
3.8938142887243217
3.7865472014252837
3.69077090431045
3.6160075363460242
3.553213077301272
3.5011013414476393
3.45875816676286
3.4210479104673777
3.3913680347648474
3.3632511248240826
3.33947317476397
3.3165682501369025
3.2980104476421985
3.2796848259010276
3.2636684275292636
3.2451205891448107
3.233406706813802
3.2210470234597386
3.208695135345228
3.20009807561424
3.1919906169384555
3.1797021026497045
3.17316530027113
3.1664648091281022
3.158243457515997
3.1514217422677873
3.1441562421076545
3.1363937281466514
3.1314089038869857
3.1288608374057216
3.1191794008879965
3.115598479303325
3.1128639300981775
3.1079061304058166
3.1043334601285113
3.099933778203573
3.095383550165655
3.0922719769663565
3.0888513380949965
3.09024053415456
3.08385164416158
3.082445815988581
3.079436450547623
3.0709017010954534
3.0724310637711243
3.0715692016151697
3.0657507176880454
3.064109979214138
3.0651166100125677
3.060351096571505
3.056808895902798
3.055117616024641
3.055773975584772
3.0510450508687543
2.577500338070881
2.5153306463977185
2.4984287418804727
2.4863966317800843
2.482612756368047
2.4806824416666493
2.4803737634902707
2.476666208890308
2.47685699302119
2.47452824065736
2.472839267949368
2.4722281679406928
2.472998270764568
2.47145997319188
2.4712948827238614
2.4725969586458114
2.4721847760570164
2.469670501157835
2.471343586232874
2.4688495246799564
2.46935407399656
2.4641637586689873
2.464203819552143
2.4630847166825474
2.4636983442259006
2.464658648698607
2.462100022965742
2.4619257967074253
2.4606869902525106
2.460166440119618
2.245685129970698
2.221853863430787
2.21391806067764
2.2096811081741503
2.2039295877848266
2.2016599930845104
2.2008134851088803
2.198299261108871
2.1944655906784902
2.1945873182732165
2.1947540495659976
2.193981527912983
2.191663257249237
2.189921018400858
2.1902945954959256
2.189843677485977
2.1886419338184337
2.1879081936506597
2.18778604975233
2.186706181375184
2.1138882233903726
2.112187537101362
2.107416514011761
2.1057437940911
2.1062628850117555
2.1031574900690964
2.1008894898793766
2.102872583546945
2.1005749699119165
2.101938883360325
