1
6.501947094129374
6.114847585561852
5.973298997193044
5.885169720197183
5.822532267051249
5.782484244442861
5.755002893148718
5.734687104591958
5.719075848648929
5.706303173440539
5.69765149963488
5.686507876698179
5.67605979449742
5.667785319462663
5.659960462949346
5.652427539911185
5.649361419248983
5.644881719309127
5.638578805913943
5.633182270352996
5.631102953376338
5.625739359307852
5.624707201120257
5.620796054369433
5.618110729859665
5.61754154020495
5.615733592636474
5.61401090383767
5.612701839690922
5.611569482201207
5.609643085043408
5.606971944128697
5.607633765617929
5.606176204757625
5.603707691863343
5.605531728898861
5.603441996483886
5.602763130233738
5.601965135246611
5.602035875920646
5.047318481470095
4.971836690731206
4.946080993820017
4.926898715498433
4.915887479038959
4.905838238442711
4.897582855567594
4.8913460599078284
4.887931177070698
4.880201143556319
4.876944972132567
4.872437493641531
4.869161000142211
4.867312252509616
4.8665510626820305
4.862218472626537
4.858440058095587
4.857136449137417
4.854714464974565
4.850687679401294
4.849937128091805
4.849045495767803
4.848147285663418
4.843956513266699
4.843357307498868
4.84255416824385
4.8417480039548915
4.838751610080441
4.837640723553325
4.833871994818824
4.490917899534791
4.4553948972846715
4.44674009795671
4.43768269679882
4.433327120191214
4.42898748051986
4.423766759963872
4.421620532087309
4.417641697492037
4.412769194630596
4.4100245305946535
4.407369452637509
4.405683086992629
4.403310819558229
4.39923466652425
4.397911534657142
4.398065250713039
4.3931200341625605
4.39458529880115
4.3922107677002185
4.229687067154754
4.2260982684441455
4.2250380611562655
4.22324384833191
4.2227435238711495
4.218490782150865
4.2167615638746225
4.2159136019505645
4.2123060649448725
4.210982083559765
