1
3.340392001979442
6.829632670838381
8.553139442399004
9.723166456831933
10.52595016886948
11.156391009134637
11.602468686752
11.89634138250517
12.144084260677957
12.432805403198799
12.551681396726577
12.702481409527412
12.867409166798705
13.06613423542754
13.166589523457905
13.298500507740208
13.308803614204868
13.392711488822295
13.471780025554825
13.600412748689283
13.60689121714812
13.684476730980421
13.762998890854982
13.77416058952502
13.83730614353944
13.883123745772409
13.8873386529625
13.913174472960977
13.94626929978684
14.002780277668714
13.998955639662903
14.087624798328402
14.074745915247577
14.092073867029043
14.09371299760297
14.140155030530755
14.123841778628387
14.17153267294584
14.134691261951016
14.183006586963288
22.077527753993042
23.19541480540788
23.642975505925456
23.96034240657151
24.18615215658848
24.341869561111086
24.49696253493885
24.629576003752828
24.730343507130602
24.84133606313619
24.929927167964827
24.96270977944327
25.059652644815234
25.08681538004023
25.117256376413067
25.220365494896445
25.173220977436973
25.25744106740183
25.293892209212387
25.349778756399445
25.342988072593187
25.496363862010185
25.422368824673125
25.539917902974395
25.470606095848545
25.556075047203052
25.516970074939493
25.57761790617461
25.623669669918126
25.65535952768062
31.323082783118828
32.258558017807204
32.39437169393218
32.53205866214163
32.55664562075046
32.595906700687735
32.582871709933215
32.659130308539005
32.74608228279373
32.76216137318554
32.815316036082734
32.871124529432926
32.82515081952626
32.92068871583486
33.013806943201004
32.98711253099713
33.0614197836816
33.06680549842448
33.055175476733325
33.150635319205065
35.98227241257385
36.480880322393574
36.61903561362414
36.6782784757959
36.73276005391959
36.739550737725835
36.83165426521289
36.91064474810856
36.94686172840855
36.893941227021934
