1	2	3	4	5
3.812384804900812	3.803073777227986	3.803594668300785	3.787152654054212	3.84356786280262
3.8415401079216793	3.794196541212044	3.6999077882085536	3.6007133624991603	3.885225283856295
3.775095011506761	3.632536157053343	3.4880158597109263	3.417202085864789	3.8406642432115525
3.5387038515538585	3.500438071027096	3.346104904096954	3.279644368862618	3.5283949934706382
3.407338753038522	3.376457497781637	3.246851203392962	3.2159371400366017	3.36613867720779
3.305125833774102	3.274191526734099	3.15586693189582	3.1422356476589113	3.234464080966248
3.2226181869604154	3.1629524413420236	3.072323454886067	3.048786247263148	3.133962563105994
3.151438537909059	3.0427765444833406	2.9458880242036325	2.944202784372836	2.995745865666135
3.085141743932452	2.8869148517141525	2.795337473859592	2.8190249095157713	2.847196699405202
3.0090049651204347	2.743273991711285	2.6051138748927993	2.6715576125650995	2.664804815029613
2.938007627214704	2.624952634986568	2.4492690319917636	2.4938101354910387	2.4824647502023334
2.8528883031436365	2.492804858149315	2.328996323809332	2.3614704779216242	2.3443591363575993
2.7406150053958496	2.3514198806821067	2.22174916157917	2.256300614804639	2.2254436076903836
2.5793714535479633	2.2166760320566126	2.102166847306854	2.144722101639729	2.1123920575696595
2.435169212672175	2.10423476051311	2.0275536550551037	2.0577298475771557	2.0333920242835077
2.3103196912882287	1.993507339638106	1.9493460144315444	1.9707808001917235	1.935153042783542
2.216420749012307	1.934084340625879	1.8791812305547757	1.8963752230819388	1.8728950972459761
2.1318107393323165	1.8567825975466747	1.8107895869381567	1.8252589933726255	1.8140525246153072
2.0558362147029583	1.8010845512759928	1.7589279030050546	1.7530939317479421	1.7545823600827433
1.9987822108122768	1.762648320319701	1.7334699819282615	1.7235029254640841	1.7225213981404601
1.926205608309532	1.696312419005802	1.6917952286953835	1.6750839474249868	1.6865081476921935
1.8674139794038263	1.6627893490450723	1.6446348483465147	1.6320947870916251	1.6250825268881657
1.8030046480042585	1.6120868306987148	1.6041709695543562	1.5939289659869913	1.5895691903270024
1.7645669579505916	1.5712805980322315	1.577918170057998	1.5763445879731859	1.5627376491926166
1.7148072993268773	1.5351421024118155	1.5520165027404313	1.5306046982200785	1.5269341791162674
1.6754006360258369	1.5103684116382987	1.5269775287229195	1.5131156420221132	1.4998476900616475
1.630166922296796	1.4830004731003112	1.510712000788475	1.496567585030381	1.4628462201478527
1.604859141670928	1.4648681282997142	1.4750707873276305	1.4650664822179449	1.4402540545074303
1.5871342596959095	1.4492924754716914	1.4549891589855657	1.4499281249484237	1.4378642153983214
1.549395119049111	1.4121476168535185	1.4271308147177404	1.4200920255816711	1.4046526843187752
1.5048356129198661	1.4002175586564205	1.4138024193899972	1.3913776278495782	1.377543485286285
1.4993249603680199	1.3833076303102532	1.3966968108196647	1.3901879763116645	1.3700395658308149
1.4643527743767715	1.3626649927119814	1.3752149027221052	1.3774510682845602	1.341068503808001
1.4350217526056335	1.3322405723892907	1.3560756846350064	1.3438275711877015	1.309965330119036
1.4260970749417126	1.339304809059415	1.3529318352134863	1.333389803463099	1.3037584399690423
1.39790930127611	1.3077266489972872	1.319794492453945	1.3361236915296435	1.2911336160435973
1.384748484407152	1.3070886171593958	1.319469797976163	1.3146035142090844	1.2705275160925733
1.3549577879662424	1.2955286922503477	1.2991203951592352	1.2958015574484458	1.2510386449950077
1.3505316784187247	1.2891186512246422	1.2893168786350557	1.274718162964802	1.2587111951137067
1.3280397787386051	1.2726309311633215	1.2750229926741854	1.2738750716861418	1.2388944674511342
1.3053810328853375	1.2518367007070665	1.2551707984233382	1.2514402452780282	1.2137927650188909
1.3037774301305112	1.2590680031143893	1.2651913074814543	0.935596035451306	1.2180668237257979
1.2779032806960897	1.2241490312985008	1.2414000733774548	0.7578083021300182	1.2083571638379786
1.2758895177014027	1.224021360582235	1.2306082431150942	0.6848598080021991	1.20730825042238
1.262335421479477	1.223936521277136	1.2318951718661253	0.6482284084266549	0.8584802217629491
1.2446754228095613	1.2047025421444255	1.2121585400737058	0.6135707597951502	0.693916235347183
1.2120018954179728	1.1979085693554008	1.191897597848153	0.577942052209864	0.6278950648040188
1.2144261257989073	1.187060544685441	1.186472566760315	0.5597299661259261	0.5784326440521647
1.2120132628752265	1.1879331807092748	1.1839022575592508	0.5384985048856054	0.5440873137238073
1.2057517712213552	1.191305942681372	1.1725738422603023	0.5265674486148118	0.5161487308083748
1.1919682822665396	1.1864287664695663	0.8497326653830858	0.49955240287342845	0.48958672613513715
1.1797818213093034	1.1693957186475095	0.6684033809875958	0.5027284724067671	0.48350141243058803
1.1728218343793133	1.1484073503893253	0.5983070829997259	0.4952511630800307	0.46264193860851993
1.1605251796391545	1.1407472533839085	0.5509802109124712	0.4703411519223329	0.4440921388414442
1.1536937733085788	1.1313898843161916	0.5206744153888858	0.4663555698127165	0.43923034792651966
1.150780267861425	1.1518685577475303	0.4962629884177325	0.3782930891124568	0.43651372665653426
1.1214834372608036	1.1312803033055094	0.47298672567216726	0.3120953465754889	0.43588527474476363
1.120767128102634	1.1235173070917328	0.451486695177701	0.27263036575548505	0.41240942326127256
1.1276967622795884	1.1169345166002003	0.4424838563617395	0.25158412944601494	0.42499662920528525
1.1033435558177993	1.1045456297543585	0.4274323147778609	0.22672107253147636	0.32860445725370424
1.1078747681209016	0.7874738488878521	0.41191549994507626	0.21118337463359443	0.2607001366511897
1.1022157173375686	0.5925226991578024	0.40207738170818413	0.20059179491838622	0.23422252744132158
0.7866329094585112	0.5330639568214509	0.4019067159720832	0.1898437362848495	0.21430743789794482
0.5937697320264219	0.4810791798696225	0.32044659030376615	0.1781167885174557	0.1927959011221419
0.534627586451112	0.45638349165721825	0.2678375285955107	0.1705812641172384	0.18095580366801245
0.49061562257761837	0.42657113561824866	0.2316354780781025	0.16074154621028172	0.1656906671289887
0.4521971092540392	0.40745228665823835	0.21135338411039228	0.15118264726230085	0.15506271934326812
0.43105214773392175	0.3881318414089632	0.19560870049255227	0.14618209601208876	0.14681867110942082
0.3980403189756432	0.37023970317475674	0.18084372412793492	0.13895898916739588	0.13633140123316217
0.3910284373833211	0.3619075454011254	0.16858940149600413	0.1333416298944123	0.13162419036486928
0.37969159441334865	0.3634845360505337	0.1607871613636307	0.13285166416697355	0.12807502932086287
0.37436437348321994	0.34801233012457256	0.15310560759841185	0.12330844720863562	0.12034405752712361
0.3545399296040438	0.3451354403276833	0.14143474084534208	0.11707545501389072	0.11524101576710845
0.3492571973070808	0.34011731410817236	0.1303103847847301	0.10322198699399522	0.10459828106876538
0.3537236377596856	0.27669726449007864	0.126933314666456	0.09702153135167091	0.09774193832916873
0.34466407143948036	0.2180626764133267	0.12254578471944041	0.09649353740470748	0.09561880415647617
0.3403051951710058	0.19178616369561272	0.11168904294620967	0.09152626350750116	0.09179674075650321
0.3435837979219396	0.17453290495489315	0.10693339532127187	0.09037256550652034	0.09095865890991933
0.3429227675102193	0.15968472225477506	0.10403547226926504	0.08921582078827277	0.0912237531714598
0.33244613063882805	0.14933105615176717	0.10451174730777135	0.08912042952237688	0.08878758237982283
0.3307074842860506	0.13776242664578012	0.09900183874961674	0.08563506688770593	0.08635902803923395
0.23880236664292756	0.12987023782061063	0.09821630909810868	0.08390626535579866	0.0848130282128648
0.18294106074133698	0.11918627470731735	0.09529901755859657	0.08319066748099062	0.08205074260049328
0.15931552952649636	0.11560985788094756	0.09527349348503106	0.08324684335717134	0.08423267027401198
0.13931484140303677	0.10972525512001345	0.09385040565869028	0.08062760161273944	0.08136479050985403
0.12705700529017003	0.10457929128742947	0.09068552771469161	0.08132911541936352	0.0810955530982845
0.11600991781344829	0.09551341575095243	0.09006466800156908	0.07776078000208558	0.08067337425463664
0.10927283862719737	0.0950114637499257	0.08928296581975052	0.07892333096539488	0.0794431372564666
0.10037891034569062	0.0878595307241289	0.08814542744384737	0.07494816461539996	0.07821965382947604
0.09425812980578266	0.08796866779804838	0.08811533454881629	0.07416931796362818	0.07966092639431659
0.08975458684928558	0.08578509770865954	0.08938528363573917	0.07500180655292096	0.07928982396058888
0.08377802811030828	0.08513958550685523	0.08603774632650373	0.07297180057028119	0.07774924724457825
0.08179536290770896	0.08449034084927061	0.08771417495243398	0.07399194685704244	0.08022633941882125
0.07803985554420821	0.08418499579539108	0.08863610236392343	0.0729832324978648	0.07872890382625013
0.07251402321366639	0.08034162365888459	0.08630972853576657	0.07048357654438941	0.07732855756672061
0.07227660535017452	0.08186572216147063	0.08775822291796916	0.07249463511136722	0.07958748735183353
0.06782760286741718	0.08085259164170346	0.08679729179308125	0.06993034250121948	0.07646421700411911
0.06602175635456735	0.07573878827827925	0.08558771917026263	0.06852911348093531	0.07655692752450706
0.06401845379447452	0.07721724870557684	0.08481328537193485	0.06901429852052608	0.07825550579522945
0.05910144533429829	0.07436947431415322	0.08533911192219475	0.06914401721513394	0.07577387819408762
0.057580465555419125	0.07448465424608817	0.08627835554736002	0.06964580549345334	0.07792034011562256
0.0538487589100794	0.071676861247694	0.08607618024154587	0.06775501879806417	0.07591001746453806
0.05351699481965329	0.07365241179204712	0.08414609505966004	0.06749315955200967	0.0766659262875209
0.05383085928933354	0.07366168021927685	0.08308005251218471	0.06711320915468491	0.07755138517870593
0.049989441485733414	0.07193257448700621	0.0859853067074199	0.06759035807787159	0.07770633971204569
0.04746882987151645	0.07282666236694377	0.08660426042137705	0.06975430686368933	0.07920249186608254
0.045620385424367006	0.07026472726684746	0.08525570915365703	0.06871637928166557	0.07764559832154487
0.043659601065957426	0.06986553020471215	0.08571797801295708	0.07005151334617817	0.07680234071627562
0.043156540429941825	0.06893971419836185	0.08401718851635044	0.06563289691599049	0.07627700594234832
0.04294571638753525	0.06758272020640418	0.08617112255294103	0.06857644496675659	0.07668847552671723
0.043563272167301305	0.0682275012439611	0.08583934506287377	0.06843112357797061	0.07969643004542705
0.042491096366500974	0.06805695637072226	0.08557902747879223	0.06938012392849335	0.07760074394469962
0.041828916645703866	0.06770362560542262	0.08406721422334713	0.06730563950971981	0.07556973893803606
0.04089810725833688	0.06697193873399981	0.0848428836586524	0.06642536474962016	0.07705983335190282
0.04182414568922655	0.0673828130321843	0.08676575386554615	0.06820920968846401	0.08095985134037174
0.040607139202100885	0.06530924373287327	0.08520268251625254	0.06788879629148516	0.07786241956815425
0.04030987637459623	0.06620789372495242	0.0841990028298936	0.06789844224647607	0.07995800339445776
0.0404680874578807	0.06588142441243539	0.08345255949439442	0.06709895775254279	0.07781467505027452
0.03953471017659319	0.06516924338909436	0.08400337681250307	0.06716924350784749	0.07587275279647837
0.03922747805885665	0.06518478041552765	0.0851017370135809	0.06729332220797633	0.0776914768301103
0.0387196329289249	0.0664253822166701	0.08373708525026329	0.07015091633158076	0.0769680479009237
0.03726675675003503	0.0673697750863372	0.08612756752314012	0.06641351401197673	0.07665958306847176
0.03855863176476287	0.06491260276157026	0.08443100799863434	0.06713002827018495	0.07652763406537015
0.03711454904809293	0.06366613127139154	0.08390696833328327	0.0669613823826824	0.0759321879025321
0.03706021219663017	0.06571527602797257	0.08425745466838079	0.06712699806963904	0.07640195864119693
0.03782582376152278	0.0659010292848154	0.08554510418705796	0.06670370794908732	0.07687195736382695
0.03701191164116013	0.06512264880750868	0.08645504644634774	0.06862403307946359	0.079674971689071
0.03777977456433736	0.06686364477310258	0.0832821681753409	0.0666541374877703	0.07675307939703366
0.035929257838929786	0.0632087684483552	0.08481105396105923	0.06625834468524068	0.07720262701718174
0.03663708259142478	0.06446268465560004	0.08557205198674785	0.06690602339043908	0.07663935447605902
0.036840852407016345	0.0646575966431778	0.08577463526886944	0.06723369952595357	0.07771238956448377
0.035995409282266515	0.06537099577942679	0.08315324135200701	0.06589169049521496	0.07560794779612706
0.035021179769074144	0.0644689186913322	0.0839583007238653	0.0675315856743528	0.07616650035642844
0.03453904071024485	0.06371207767147191	0.0841266302467913	0.06585426763536369	0.07701818576576759
0.03572657242493362	0.06532602008356124	0.08354408660789522	0.06854397524148223	0.07514074478982657
0.03567498124071528	0.06529526759357168	0.08538660646549291	0.06780407686090592	0.07687211268562444
0.03515399847065607	0.06450594351531895	0.08334191101698242	0.06919630155043335	0.07623159606009719
0.03501698782439436	0.06589491233913874	0.08328768899854351	0.06648504376715544	0.07576187688629235
0.03599583893083034	0.06486700891460088	0.08488246806117951	0.06760200512196336	0.07709703436691542
0.0359994810245627	0.06557413124080216	0.08499342684006815	0.06654037111343779	0.0772349723443693
0.03520716149930141	0.06429881408658562	0.085010145562796	0.06743663060003698	0.07700290720985861
0.0353773542470774	0.06373266934664272	0.0853140640775768	0.06663185069147418	0.07628933269986693
0.03518208096336041	0.06460022403649529	0.08439797881458481	0.06547042852913848	0.07791554158059305
0.03653187687717833	0.0661447426988458	0.08493546694897267	0.06750836766952156	0.07847460359334942
0.03472558364310131	0.06510541975802307	0.08290975660617866	0.06640069466084242	0.07597288580573332
0.034260404457775305	0.06565228699497423	0.08552543701109837	0.06716016913783185	0.07563738374761785
0.03512392834551174	0.06462014798189002	0.0838957966628427	0.0663240818040712	0.07671630388239815
0.03514450214499113	0.06627652311355481	0.08430749767136815	0.06785202927279235	0.07741773012569364
0.03539968377967575	0.0658705305137044	0.08699161112688636	0.06747206450649064	0.07900791687472744
0.03550886863614525	0.06346732780945541	0.08429706617429543	0.06654243777525064	0.07608558948398855
