1	2	3	4	5
4.024591022745119	4.024806950098411	4.044349596628447	4.026671732783017	4.0467222645459575
3.4134946540188618	3.3996136286069674	3.4256638389109364	3.391510278672514	3.4255623201580003
2.966872837232506	2.955443709097859	2.996575228088652	2.947571187982781	2.980226473430236
2.683932823903114	2.6717701378990637	2.6849745893112527	2.6529650444264905	2.6672811642327283
2.4780241427824015	2.4606568255387926	2.4462371027987926	2.4303184168418044	2.4269397008754403
2.310307349085506	2.29883535225373	2.278055011463897	2.2594433205816746	2.265867017724019
2.180091832299976	2.1744791738822338	2.1527852515125523	2.131934696756054	2.135377637870477
2.0765334187871063	2.0690257530992895	2.0484373639611615	2.0285213694852953	2.0304457458388763
1.9857548469167845	1.9826558904574665	1.9520306236603677	1.9377648424919316	1.9443284407296149
1.9123760681323074	1.9208550581236938	1.8980429681670623	1.880062936516979	1.8843216362511723
1.8570297453409577	1.8649349682166445	1.8420700371417857	1.821249114887794	1.8268894874836175
1.8008599644121903	1.808772282832115	1.7896414297011185	1.7684648134519378	1.7802978101593756
1.7575924634323703	1.768045794628465	1.7478247121776764	1.7249777856690192	1.737678268986284
1.718166572358602	1.7298042798591076	1.7189992693683986	1.6914804957406901	1.705276002054629
1.6872605859775978	1.7040186120421066	1.6851695086949925	1.6688969790783066	1.680840681276053
1.6517984068302234	1.6556278317785638	1.6544386651509861	1.6316735217028564	1.64194066933049
1.6191940883846223	1.6367904021002146	1.6248425233089707	1.609311972737618	1.622609558312789
1.6005955590006644	1.6075702869068955	1.6106282265289975	1.5881346961116547	1.596439784749998
1.5711044109690822	1.579188748393826	1.583138841802202	1.556650784619325	1.5741493909255317
1.561509664711135	1.5659292137531369	1.5767870144465999	1.5401484277242283	1.5550216149796003
1.5369847872677964	1.5452731667882031	1.5539918735509022	1.521486240274767	1.5365014701243247
1.5125781459271748	1.529733051119558	1.533328221886969	1.506332838017008	1.5183251940685782
1.503478549325559	1.518039958861173	1.5263542729570412	1.4897568811236137	1.5032082808292118
1.4926942114330004	1.5099659584977125	1.5161513727339337	1.4771356972891965	1.4962383383680198
1.4768359313535566	1.4724218159380469	1.4886452846819782	1.456090286564643	1.478174940094619
1.453940142146157	1.4581884136590217	1.4670380643566556	1.4443444233111409	1.4557386103188594
1.4391070235415797	1.4519043822422655	1.4663597171568798	1.4291209302594903	1.4531025831656683
1.4336322622226025	1.4482895050512261	1.4542573178210834	1.4166343126760421	1.4349434211126078
1.4197704785925032	1.4225269729828893	1.4394381213980858	1.405923827224985	1.4235786005968938
1.4165599321770228	1.4207417452731708	1.4334056173139218	1.3962259121868013	1.4162861194147174
1.403196425389146	1.4069875015322202	1.4253302830869279	1.3923289678285795	1.4075882108620057
1.3909258196116117	1.4058468674149966	1.417643302846748	1.3757004210406254	1.402456806443841
1.3928152636798734	1.3941614533324371	1.4077778057674006	1.3817740096460538	1.3951331590447593
1.3819593230781655	1.3813793250666855	1.3976508622889015	1.3616313562368798	1.3863856252806877
1.3753801657415734	1.3805740714987826	1.391737146450736	1.35837028383294	1.3766906831575474
1.3635438549549084	1.3637373491626263	1.3821341674346144	1.3504559713251458	1.369632420942301
1.3639589770675626	1.3663806125636004	1.377406976412019	1.34127781839322	1.370652690567934
1.3561006878952846	1.3548051876485199	1.3692903489712867	1.342921066009786	1.354636556961958
1.3516656079560592	1.3520801748766003	1.36650978695706	1.333803983752989	1.3543843244347735
1.3510305367772235	1.3450269417079814	1.356661170949717	1.3312765201339323	1.3583862130599256
1.3354553868398642	1.334603069078586	1.344840853567928	1.3154735319754656	1.0149185134626706
1.332978223595777	1.327640113623245	1.3483322810029126	1.3159490366421087	0.910130411310269
1.3322639753446555	1.3254754883249082	1.336896314797805	1.3030245188252094	0.8727674011684126
1.0003980603974199	1.3325552470848707	1.3412078292778382	1.3058972562975286	0.8447888708480483
0.894771432480239	0.9968273003997714	1.332054644441971	1.3007239729852027	0.826699544554172
0.8578848674169286	0.889950565212523	1.3285551874533943	1.31000007967205	0.8087531844978136
0.8247185655871927	0.8414220094985673	0.9873054957450809	1.2865288890231295	0.7907192272603362
0.804862981257231	0.8202006339721973	0.8835371380571818	1.2803003844397753	0.781114755231706
0.7839913647193129	0.7955255730987508	0.8448564701373018	1.2833720041662833	0.7716744984202374
0.7775728164426509	0.7793151053321333	0.8176965460448004	1.282716641493161	0.7681414797482895
0.7579101278348954	0.7620489396097714	0.7959208194252166	1.2747368492433766	0.757436651403032
0.7545491686409995	0.752991095985598	0.7819860594351882	1.2696701384261446	0.747462661674871
0.7504973505311616	0.7508054597450953	0.7707918094247198	1.274998518969396	0.7558848310614488
0.7374371970096208	0.7375023698867739	0.7557518909806787	1.2653106158346765	0.7483134681306534
0.7359157960738066	0.7347770963635892	0.7494915793923774	0.9287400424023109	0.7404915580664139
0.7243963525728186	0.7208266193452089	0.7332901940931135	0.8198523960454992	0.7306298721781784
0.7282727552801753	0.7187344623953497	0.7301912736100004	0.7851241394077121	0.7350465243734676
0.7194288658059161	0.7160569549826404	0.7278698742237234	0.7611458141480562	0.733993977613157
0.7232780912343187	0.7172070651712932	0.7277516684568742	0.7419511959375934	0.7347386398583727
0.7149218604387826	0.7061532873784182	0.7158904758560689	0.7180315215721763	0.7248611299278179
0.7211551708181194	0.7037931413144409	0.7094878363792246	0.7087752295424565	0.7261247144788119
0.7196748530315925	0.7086594889078599	0.7143314617978948	0.6974638922287691	0.7260207126817433
0.7158898054181464	0.70845044817766	0.7170963689799195	0.6903397982840037	0.7247899457469317
0.705875734538983	0.7002898741256245	0.7067138816389594	0.6805302540359592	0.5594037131732692
0.7098969316391082	0.7060009813522136	0.7112291619905734	0.675492160003204	0.508342195349886
0.5529591405330716	0.7023713429413182	0.7050474341720574	0.6686430047540102	0.48792473914678147
0.4990572873741159	0.6954085392415369	0.7095698150222558	0.6630315438408372	0.47801137404978455
0.4834247417462147	0.6974343546973472	0.7088790609098757	0.6679819799445167	0.47065323568366074
0.47211602741800013	0.6934166128373205	0.5459730192980801	0.6662386815108915	0.46053518793162146
0.45531294184267684	0.6855601884062641	0.4872495525175959	0.6481006381761688	0.4459562312306647
0.44769876562725835	0.6891762377965784	0.475667661946753	0.6504175731593081	0.4416537420524052
0.4442741403646789	0.5214403912691808	0.4651289870367025	0.6531817205726649	0.438085519672965
0.44242058393290584	0.47025816329299946	0.45261388681733683	0.6555937118542464	0.43391840377122226
0.4340428433302417	0.45006878715951754	0.443004046407197	0.6507864877238606	0.4280324279499784
0.42865019655593517	0.43467129740263816	0.43964976057067284	0.6525701969633327	0.4255091472888542
0.4214104833200456	0.42547326388261536	0.430137551349142	0.5003213770401761	0.4217279721861303
0.41596444785747383	0.4153518906182339	0.4260446010038371	0.4456739620022153	0.41189993601625857
0.41371168847888945	0.4055812060832977	0.42044636393751905	0.43435852469690617	0.41188338139782765
0.4065548175055048	0.4026672057331067	0.41125208924493517	0.41999053863613245	0.4066201452251591
0.40123391357224314	0.39362721286161484	0.4073581344941086	0.41287621394600094	0.4063136379432192
0.39835779723303993	0.389150020259116	0.4006444655568399	0.4037227129844751	0.4004337836028363
0.3982926489370863	0.38783738661147743	0.39882483079915176	0.40110432469021645	0.39917821682932425
0.39335733271011003	0.38529631815602977	0.3984279407335973	0.3928500837301051	0.3964620147214827
0.3881307661609575	0.37715948897097135	0.3939288301998392	0.38737592154451644	0.3886273744542275
0.38489970252337036	0.3723746948992199	0.38652578606020144	0.3836152160640264	0.3906661066633964
0.38118224021266506	0.3647723102661043	0.383132478770088	0.3749831795997325	0.3855666352050083
0.37936079883209584	0.3633534232597522	0.3792772276703352	0.3725449793479021	0.3830689167808694
0.37272570932002913	0.36035379885560137	0.3814405207057748	0.3661752232276567	0.3782495355514615
0.3769842730382518	0.3578752652001196	0.37384280112698276	0.3642941585663333	0.37618234906050235
0.37475017692579327	0.35679301497576493	0.37618215412587447	0.3633865973604914	0.37172860307309324
0.3666521810814548	0.34995016383240585	0.36932805054785334	0.35562022723962633	0.3688689056793444
0.3607435087337516	0.3435120850877688	0.36520335989077657	0.34910554261616117	0.3648061049944905
0.3615458727721363	0.34527478304208076	0.3619971094686355	0.3499079279963621	0.3648868139899903
0.36032747818380967	0.3438630767185669	0.3597132049862992	0.345885375386004	0.3631332276955895
0.3594908750118195	0.3417326195160754	0.35595856176312934	0.34545625536643015	0.3590351192618881
0.3580548902759162	0.3387013417299446	0.3538623603865925	0.341572087362904	0.35552547696758724
0.3527453709441381	0.33891921907739564	0.35660577845542946	0.34197158734206934	0.35949173722120803
0.35161637890216946	0.334620921279463	0.3510325305602127	0.3365051914435213	0.3554925682675806
0.34999361527545336	0.3294763224356618	0.3480850460812868	0.33237516129260786	0.3515580761844241
0.3449574587747572	0.32874080916042564	0.3463239183892373	0.3306706163965529	0.34983620962218565
0.34969517786789456	0.3265045188424531	0.3468458370098372	0.3323307051073256	0.3506217765076388
0.3443355929592379	0.32521719434072327	0.3425444191145469	0.32837898404244564	0.3502297624755087
0.34251971683843685	0.32216646127841064	0.3393106922469177	0.32330559213143195	0.3426575709486864
0.34027595379773357	0.3215536366566977	0.33786128461360926	0.3209918104016871	0.34180321847386375
0.3347720990095603	0.32049187861592565	0.3318339561486182	0.31967653223620635	0.33831387521970624
0.3337290049971215	0.3164284764348393	0.3327260587907507	0.31351544507934	0.3371552170618719
0.33445276682029307	0.31860414459882175	0.3308472375735602	0.31962662592263524	0.3384822288818677
0.3308429809482507	0.31405696406236383	0.3299156850027612	0.31364829095123364	0.3351429747727216
0.33096794906022287	0.3114851906019099	0.3285421806451916	0.3125311076793525	0.3335103404796334
0.32869638544519225	0.30847695603242625	0.3242880907814826	0.30872610760161945	0.3315279289432192
0.32905453710299903	0.30670046467152984	0.32532532791347446	0.30553188195923714	0.3288017025079265
0.3255626844323201	0.3047824284380966	0.3206862441033049	0.3042799304132268	0.3271862301603913
0.32650989720888457	0.3036674282053854	0.31786162876869395	0.3006616685244129	0.3263264113603651
0.32409649732930007	0.3024511752302385	0.3178846155819687	0.30060424729991153	0.3283037747187383
0.32207721719503996	0.3029706259365276	0.31816114599594975	0.3026790780865628	0.323398547175595
0.3200519708035242	0.3020050272612315	0.3158411785312322	0.2987728128805189	0.3203244412799018
0.2761468673910935	0.2969829061680744	0.31665058959932896	0.295075704793796	0.32023690534217275
0.2611119165978471	0.29913370425591396	0.3182808996542642	0.2948632790990497	0.31921528538931954
0.2561319673152836	0.29597618657609703	0.3133140042081209	0.29427993221356114	0.31796127283359704
0.25330635627059966	0.29491712640770884	0.3099392459291938	0.2912702036025881	0.31789063454588956
0.24902598228296058	0.295315573282559	0.3101920174896866	0.2908019422341492	0.31441859363594915
0.24841193580414025	0.25344818605638836	0.30499576154114943	0.2901187402665464	0.3142623196325035
0.24852082956477514	0.23665893571379845	0.30861232801319094	0.29189531554651366	0.318292128117493
0.24660014854672618	0.2327967817368715	0.2603558379289744	0.2863788952684161	0.31431386095788466
0.24362467882959443	0.2284205302862864	0.2474949468508401	0.2856280092159501	0.31146720486223844
0.2419593398604552	0.2250963205190572	0.23973146481129837	0.282447273735805	0.30688421420581513
0.24288068140101854	0.22618741677392765	0.2387829123403107	0.2868043896182416	0.3094187637652888
0.23976205136922313	0.22126478743751335	0.23495213998019543	0.2822249566807469	0.25773896802874174
0.23565213843379798	0.21811473807867834	0.22869960548322832	0.23895502452502765	0.24000158745919337
0.23908892399667175	0.22048729404692763	0.23052169733187736	0.2284381484893886	0.23791346979110736
0.23698079974754993	0.22067982175618484	0.23179898306231966	0.22663815468168608	0.2329827273821891
0.23900579018970877	0.21917741793348364	0.23150681359383762	0.21915982339693166	0.23371741621543074
0.23495121970963295	0.21771869288228665	0.22771044006890348	0.21869183926250016	0.22642193448817935
0.23547378994162446	0.21788285931815268	0.2263252420727249	0.21857523565630774	0.23178825190152677
0.23185238386968818	0.21595277490518272	0.2266444215536727	0.21400379955463705	0.22491397680071604
0.23564985287768767	0.21624207708155715	0.2252027275769606	0.2147378367955424	0.22701211037385804
0.23299414834098145	0.2139372776269609	0.22513639675381836	0.21421007562400113	0.22086716689112254
0.232563443081763	0.21191537972835026	0.22602214761402295	0.2123576230786342	0.22068514741595155
0.23263624842133357	0.21215891022511454	0.2232601547713781	0.2099463630210408	0.22132346055010696
0.2280897395994962	0.20372678608159567	0.22263426773840814	0.2098686041505745	0.21872834190535734
0.23152767666770366	0.20478275896566905	0.2220765997839095	0.21025801516707296	0.21958998714566544
0.2275794889501599	0.2035864986993772	0.21831890136537033	0.20783443211594502	0.21917741208353922
0.2258728126354535	0.20159111027141358	0.21748139956951767	0.20817327426979898	0.21503171823975986
0.2281907371166722	0.20152929922580104	0.2192844792323955	0.20941516696034798	0.21877513909736251
0.2259811351595023	0.20249456967539195	0.21233093134506278	0.20496689572053803	0.21650603444070143
0.22449385578675032	0.1997957137958778	0.21232577584817283	0.2059790239576487	0.21597134632527687
0.21831709403744756	0.19890413132241316	0.20833159041831545	0.19801118569758236	0.21570759009369792
0.217162536881159	0.20089427429391898	0.20939720707857398	0.19659592196002354	0.21029430770736823
0.21284328938445168	0.1972999417454081	0.204000514124513	0.19415935353778505	0.209899343130991
0.21607064505291104	0.19742337082657965	0.20737015261598266	0.19452678633239268	0.21039298531192033
