1	2	3	4	5
4.263355192321034	4.267354828622332	4.278776960299754	4.276026525155973	4.288921373884392
3.7607505327600355	3.7483996387637797	3.774734904394127	3.7464976615613064	3.766122192373057
3.336912330764029	3.321426933683703	3.3576289253771443	3.317164944260933	3.349832421373529
3.0341908681728036	3.019733483834036	3.040519483863851	3.0031420733312837	3.0212028983913735
2.8158602159651336	2.7970902541714255	2.7926770177338733	2.774395217066226	2.7748155691434677
2.6447237434289628	2.626394295631467	2.608303412756956	2.6002450910065806	2.601171962440472
2.5098257131893598	2.497598061476219	2.480336336833436	2.460145794827006	2.4638015321453524
2.4042116168819745	2.391609515680375	2.3715236930895944	2.358560138346291	2.3600271796936263
2.31036043837857	2.3048995541184785	2.2771049423900704	2.2632669140310844	2.2670080155667764
2.232105351774896	2.235237756653515	2.2080594215856477	2.196335764797141	2.202456163323446
2.1713327193808984	2.1809275217373347	2.1589065082847605	2.141563134120249	2.144281482147741
2.122399117025878	2.125290427671367	2.107890869955273	2.086097867897405	2.099893917817901
2.0724768803247744	2.0796972510150042	2.055259772883658	2.0427927839786513	2.0492019494781104
2.037795554951328	2.038522289537104	2.0274449650893724	2.0080919204770438	2.0192478584206617
1.9990103936866117	2.0110545030335336	1.999759640840008	1.9788786175915645	1.9904380908707533
1.9702221088092335	1.9783491929778667	1.9706149214064073	1.9509196912541102	1.9640644279587298
1.9394261367485646	1.9511264672364734	1.9424070232664532	1.925445328892955	1.9382879962701633
1.9164093677954905	1.922520724403889	1.9192395542588683	1.9043636803736776	1.9101652885641902
1.8900594089342198	1.8939572633684731	1.897168538759432	1.8716427133516271	1.8912888280570954
1.8719256107154716	1.8819852890565874	1.8867875889439119	1.8584994327686628	1.870903322458877
1.8584623272766543	1.862500610558883	1.8679255308092706	1.8413566161909378	1.8529350605157326
1.8352647425268618	1.846615739795558	1.8497770619209457	1.824120099587209	1.8347035030574739
1.8224906948826194	1.8334073941116134	1.8370869565192995	1.807580247254628	1.8264490042805963
1.8099609464025868	1.8261772610647289	1.8300482376152285	1.794540927843059	1.8168361857724018
1.7962160945853318	1.7969295018164406	1.80859367804759	1.7816415653204367	1.7967185544235933
1.7728295948194426	1.7786238541078687	1.7897949246189488	1.764348115152715	1.7761960752174986
1.758044117856818	1.766277951962502	1.7791149424165122	1.747971957601855	1.7678582156100853
1.756723892963146	1.7639887296330294	1.7685197509463173	1.7391632588013348	1.7512963769381007
1.7355651257897888	1.740043939227033	1.7529270133703867	1.7246971355984584	1.7440235395260781
1.7334731991028849	1.7377468783532266	1.7492291683431174	1.716809479171967	1.733639350022806
1.7255689640484189	1.7259854020365057	1.744345379302568	1.7083789369334332	1.730701708732663
1.710732369776578	1.719801676242858	1.7270214115567224	1.6982137687370902	1.718472468273718
1.7157178739147732	1.7154381985554603	1.7293005657318	1.6973503858537025	1.71639562415345
1.7017349071819765	1.7006855398187855	1.715752168384658	1.684741734848608	1.704799087456121
1.6964114383053603	1.700556640124991	1.7066529291060282	1.6754761437320946	1.6980936600424144
1.68483041832819	1.68651073058243	1.700560119145971	1.6734295717590593	1.6936116038685871
1.6808675326349778	1.6823803351053488	1.6933929020791405	1.6592978982974185	1.6883583815811238
1.6758862160660728	1.6753132520124427	1.6864242212241876	1.659942883969574	1.6781346950384655
1.668577497572546	1.6643087324279056	1.6844674617128295	1.6463923649409844	1.672710548886253
1.6733390428221129	1.669683340565323	1.6795371947690956	1.6544055731400202	1.6807635489022335
1.6600594096781351	1.655808410376234	1.6684059694295033	1.6366588044959256	1.400399855335656
1.6533345435281546	1.645365433009993	1.663907260845994	1.633594938556252	1.3024226399638772
1.648862582338436	1.6406727343264131	1.6573681133177602	1.6229767991453776	1.2680098583631192
1.380535909586855	1.6504897632257414	1.65695850715003	1.6245976939530624	1.2431971039003724
1.2790641952353683	1.371270689817951	1.6484947076538947	1.620412640254516	1.2260784663812578
1.248844354963669	1.2794543800451577	1.6484437879089204	1.6220584098640307	1.2044844970373845
1.220675847262068	1.2356132794828978	1.3631503234434017	1.6093137053882383	1.1910007292657259
1.199585096305593	1.2094884687067609	1.2734734957175486	1.6022945679057279	1.1775943687199932
1.180917414557903	1.1897871857104079	1.2378885212456783	1.6003259731375652	1.1658347758185836
1.1660406592556887	1.1714566958224992	1.2114283114747941	1.6002170722502884	1.1613341969297366
1.1533170920198836	1.158468346156732	1.1943269144848474	1.589134627595887	1.1529114943026268
1.1453465790394939	1.1469548673885854	1.1749721071909145	1.5906864657731312	1.143566103085227
1.1402405504985231	1.1411747540659305	1.163664067492765	1.5897955187141444	1.1415270711759775
1.1274097182256793	1.1296303842378703	1.1500429261066114	1.5862916494574406	1.1331361981913868
1.128726490470759	1.1218115641637847	1.1424245136168298	1.3038639452146452	1.1329632221585346
1.1120247215870998	1.1094016508982922	1.1272717796628127	1.2021745367123349	1.1213930625744795
1.10775286858649	1.104144697756414	1.120314190149917	1.167575043942922	1.117532451591832
1.106259271464385	1.1009441191887899	1.1170376258737909	1.1420099421230416	1.1181662570485063
1.1124354978961413	1.1050039775231302	1.1189806767741746	1.132721693009671	1.120032383810223
1.0956570605182874	1.0873536700787758	1.1047777760669093	1.1024919679707588	1.10695319163525
1.0982594787312292	1.0864400281320752	1.0952155997076287	1.092748617882009	1.104049970884153
1.092931354289774	1.0878815986311339	1.0970860221196932	1.084502396223795	1.1084082759249858
1.0916757470811427	1.0838952270310247	1.100009470034743	1.0709290455674274	1.100429369208148
1.0885712332127953	1.0814502614233503	1.0915663060934642	1.0682428319131003	0.9736743375773317
1.086135724164031	1.0819397044303776	1.0922968736694885	1.062281774590388	0.9253986278153444
0.9577862905419391	1.077714264697736	1.088506515526102	1.0554580208285693	0.9135585486736447
0.9121671890663675	1.0703996076913136	1.0865164504331695	1.0492277322217938	0.8991650731667231
0.8983015451589812	1.0728690226364623	1.0861584300275349	1.0435855208760327	0.8926332597537423
0.8908579370859641	1.0700362768319553	0.9516050067094282	1.0438138697763242	0.8828306792642153
0.8724207222614144	1.0637347852177639	0.9046693980846255	1.0307728509463923	0.8717539162587021
0.8647218765810024	1.0561917244320924	0.8887434402085328	1.0263943477055006	0.8644075887587377
0.8631447521621912	0.9141670883159205	0.8832175586839465	1.0281691981093664	0.8644244753186358
0.8593342671613858	0.8751215149679452	0.8760651776857694	1.027225762224564	0.8595989495896924
0.8501800771259594	0.8540294621606616	0.8635497754796994	1.022816142462708	0.8526285136752118
0.8465368182153048	0.8468815853528654	0.8579277202601323	1.0245503537795113	0.8448598781205199
0.840754056220774	0.8398213563367839	0.8484598411928349	0.8929069356235394	0.8444286941567345
0.8339129096406803	0.8236513724717336	0.8442533407979608	0.8470971239802173	0.8309955072524899
0.8284764515469457	0.8181321183433926	0.8431739378768155	0.8345145383454345	0.8310605328711095
0.8185325844208596	0.8128513649601464	0.8328874309349551	0.8249739932891964	0.8231352000590175
0.8173849047602284	0.8032179733981253	0.8247414802956149	0.8137777293734538	0.8218734829931917
0.8132668326577875	0.8004840363931772	0.8208439298298051	0.8079081360641344	0.8200592546511793
0.8132817608011346	0.7982203780537687	0.8159617961520126	0.8022824481625078	0.8203598516981317
0.8054378430556763	0.7948802793422322	0.813385934628489	0.798595702099374	0.8095842912373937
0.7997034727155092	0.7844270248242355	0.8116656031145155	0.7878795452130118	0.8042394758185457
0.7937989753225576	0.7852600751935369	0.8042205912072948	0.7869211731054596	0.8061435681474789
0.7924187985222665	0.7734012344609137	0.7975655213341375	0.7769640999681812	0.7979660401563811
0.7886660414583543	0.7708436322334173	0.7909101837736268	0.7754303343460688	0.7976922999562509
0.7821765683800975	0.76417657085087	0.7940144583087442	0.7654013844097367	0.7896100476269832
0.7829161226901864	0.7618302460521692	0.7879373332118745	0.7659735356450394	0.7868304336467365
0.780176881481619	0.7610151680839029	0.787105287127483	0.7616655695468869	0.787725948159347
0.7750214068481069	0.7529775021631088	0.7769684489730683	0.7560766285947523	0.7810380743897478
0.7673948742544557	0.7463858738884595	0.7727674645231202	0.7461236373847709	0.7759170076426344
0.765103335728121	0.7433735838021771	0.7714720301311039	0.7446722812055017	0.7721172228188773
0.763921284309738	0.7439423336092468	0.7663992275972191	0.7434644671657209	0.7716175334532852
0.760696190549895	0.7402771840924792	0.7627629011183448	0.7377879781186425	0.7668343384552492
0.7579952806158136	0.7383587494530636	0.7586047986279363	0.7352740867515963	0.766679456166904
0.7564146270227551	0.7358028280460621	0.7589682182082741	0.7358352345273933	0.7614317101895655
0.7481282200959636	0.7300795629201334	0.7572331673958719	0.7314634304827136	0.759464852950152
0.7485442324672518	0.7244333441909926	0.7490182137855176	0.7236654336190291	0.7505798507529452
0.7420157416702227	0.7206352587855989	0.7423960231149291	0.72188519486381	0.7484818012513168
0.7466787808691445	0.7209585582661201	0.7469445434982515	0.7218953043298646	0.7496977635966544
0.7451333490479021	0.7186021940482544	0.7469949164353982	0.7231396009854957	0.7529124876727233
0.7330436294950792	0.7121570486089461	0.734890296331147	0.7096072779896928	0.7397654660217604
0.7330237896850957	0.7134004843509407	0.736461414705457	0.7079617772870662	0.7438404671371442
0.7306061004433786	0.7108340775570294	0.7322522574068637	0.707577073360648	0.7357571178385057
0.7258620582273249	0.7057996910551317	0.7279920315803465	0.6979595837385767	0.7340982190483366
0.7275543019289856	0.7064203655018523	0.7305030016338125	0.7049584948955598	0.7337961063513057
0.7225807915868054	0.7052082436164018	0.7244169675480685	0.6963019494510362	0.7315961678924464
0.7224155822983183	0.7006887680734211	0.7216733250471632	0.696386722195179	0.730033969635244
0.715104716055838	0.6944647509118782	0.7148760324701321	0.6892072191018889	0.7244189009642047
0.7194036277358793	0.6937559865167371	0.7151184990582864	0.6839971591139697	0.7239076501268256
0.7162078404060719	0.6893236606627169	0.7141131633687812	0.6845900504028096	0.7197862901651044
0.712637855649909	0.6849377797082868	0.7102634432675583	0.681899588659901	0.7157935401057952
0.7078363349675517	0.6829491832372171	0.7072804179947701	0.6769457482316005	0.7214668022702113
0.7090850771235685	0.6835881406846253	0.7087159883945495	0.6809148692413971	0.7179579487846941
0.6997128414833329	0.6817006980976481	0.7010022325588919	0.6736129013931049	0.7107975328212497
0.6535791905639723	0.6789135275899305	0.6988908464036627	0.6695921914961642	0.7069134648193793
0.6377892489628413	0.6765045473337782	0.7029844463023994	0.6697047705693014	0.7053673380933457
0.6347835646261033	0.6749908802911752	0.6975386394259256	0.6676741561773795	0.7068002158418648
0.6311928918751913	0.6732521109721245	0.6963583410853311	0.6637533832998833	0.7034176109392009
0.6284522803695611	0.672397342179437	0.6929298550119181	0.6633385429754279	0.7021524686642618
0.624705170274086	0.6200855115947819	0.6888059879202976	0.6623209044908925	0.7008871141906889
0.6221775148835637	0.6021937964212557	0.688236443359224	0.6643204820125611	0.7003205222699338
0.6227921187267889	0.598149990105568	0.6340186932812566	0.6575799519601077	0.6956996496985937
0.6198804841169613	0.5953076731061081	0.6201150247355557	0.6543969701775504	0.6977255874887458
0.6152516230750269	0.5890218168115984	0.612800066657078	0.6506912958286599	0.6905200812212945
0.6191379954595401	0.5885961853787116	0.6089499816107928	0.6550701422916956	0.6883974085226074
0.6141519497727496	0.5869072010297609	0.6068429603143722	0.6497042428349599	0.628764942707613
0.6114054901520614	0.5827632698866413	0.6005666473942344	0.5993824484555613	0.6106407076044154
0.6106847716719295	0.5847630850646799	0.5989397646063733	0.5843570837584294	0.6060670222467774
0.608556992257648	0.5798720412547023	0.6004735859458711	0.5786169289475505	0.605070280754353
0.6122135463578007	0.5810520352457487	0.6003445157462067	0.5753857597823028	0.6030769992210058
0.6079603907702223	0.5782242421908752	0.5944376401126839	0.5730178742609977	0.5959387086236567
0.6068309133924795	0.5780473787461398	0.5936751406820837	0.5704898049916751	0.5990506941095337
0.6058219492892777	0.5754389231619623	0.5951891146657414	0.5674002499074274	0.5925344414723195
0.6059154074667664	0.5757216923986855	0.5925299312604964	0.5722531563485677	0.5953698730682172
0.6051618296014681	0.5752750504809567	0.5909773179942079	0.5685058519663412	0.5856390555801292
0.6040946163637252	0.5750342631126607	0.5956976234607994	0.5679666938836615	0.5906380811310792
0.6015505866169018	0.5705837742294504	0.5896149038353837	0.5622323960294506	0.5866000053980168
0.6012642550498938	0.5610820174674546	0.5887651586014295	0.5632624838053418	0.585177768374343
0.5998995426823105	0.5615032427298743	0.5875841148216705	0.566001821204524	0.584162389607076
0.5950052065922482	0.5595748012175646	0.584271552160268	0.5608146723426518	0.5822782178059256
0.5918579206747165	0.5549625118675138	0.5833418232858029	0.5580483161275034	0.5772804106440382
0.5983113526078432	0.5604002664003839	0.5841940254963879	0.5613892368800808	0.5826724961285701
0.5914574072641484	0.5583168152348162	0.5786733615124008	0.5541570025026956	0.5785779350858815
0.5944213556206746	0.5589101512718696	0.5745584332881983	0.5594940005665854	0.5810901363335
0.5830011383804211	0.5534206711880079	0.5682650320517745	0.5474463715730111	0.5758067574494938
0.5829797755269435	0.554270817419452	0.5687659258580264	0.5436790559602818	0.5742228695803588
0.578578141720398	0.5523715616034727	0.5650570637277326	0.5382073524662906	0.5681309925625695
0.5791904331015804	0.5533766453071015	0.5682074201228978	0.5421746810683818	0.5729250285174226
