1	2	3	4	5
2.595665143883747	2.654916264516924	2.728906329025699	2.6536861337969055	2.609632962804925
2.1194732012346296	2.254109264944521	2.299205773931636	2.2653337622542513	2.23917674774404
1.8774700859928366	2.021981010351647	2.1406125750992913	2.2059184315869262	2.0300357171031824
1.6940244533826632	1.795551923229872	1.8608929995075825	1.9151845731393773	1.8090949290243863
1.4314256976632511	1.5228878165145059	1.6211755226945013	1.7309204007658516	1.5412113465311579
1.2182004021866542	1.2797576108247122	1.3766397841446232	1.5209930726634266	1.2942816034302385
1.0812507495855737	1.1083588299848852	1.1987480012047316	1.308826781904606	1.09329416257951
0.9437143124277936	0.9553251984479179	1.0277689288339342	1.1256864909320832	0.9619769502783683
0.8664577179552644	0.8768319475376392	0.9030622624985092	0.978322714948289	0.8894658559728457
0.8188413994391556	0.8246566647153986	0.8306660222275484	0.8735258836880359	0.8325365345801243
0.778910736598627	0.7834683790841064	0.7732901721049453	0.7972705065441866	0.791445540192792
0.7631005555619973	0.7564599648156135	0.7498776940890891	0.7604005332188231	0.769663434504243
0.7389387366411934	0.7375841716213908	0.7223795596748361	0.7391175147517566	0.7325704831753849
0.7179094448571313	0.7154898068789014	0.6943027175905755	0.7049759584467128	0.6950407159297965
0.703160296010849	0.7052947276693474	0.6777880698671125	0.689527357097172	0.6825521986197932
0.6747304413019849	0.6915852773524912	0.6643329960153542	0.6696411733279749	0.6653028015437942
0.6459267991583058	0.6767409645078135	0.6550365815991939	0.6578986477821382	0.647089711311833
0.6384945862433494	0.6764309682199718	0.6432488656714743	0.6475695697090504	0.6324906614430421
0.6269599206917122	0.6584339452826463	0.6312533973732876	0.6340240257627816	0.6298700147272683
0.6163705966966543	0.6417264333923759	0.6310827501899444	0.6282155369706167	0.6204755227736505
0.6090446349300082	0.6215846898305754	0.617841678964513	0.62292362196976	0.6151027176386253
0.5944122249817904	0.6059945279832385	0.6082407351192612	0.6078718207071501	0.6004552471515773
0.5940897822989822	0.6045827633127231	0.603026440152732	0.61388334654786	0.6013414384916308
0.5798597365541523	0.5915027272975655	0.5955611126654595	0.5998339633197737	0.5929211227180409
0.5751669300943991	0.5920879750910318	0.5837459186153942	0.5917008496306435	0.5835001445030005
0.5714941779365934	0.5843852822433038	0.5847445792706724	0.5867673961250377	0.584874112892639
0.5610288137670061	0.5818765183239033	0.5800639933637342	0.586001321863945	0.5772239289167896
0.5578127046070436	0.5725507589099964	0.5763694121099802	0.5824561481890471	0.5738532359490311
0.5597730031251296	0.5623571585358861	0.5728239593908304	0.5755812004399119	0.5706223078700896
0.5473057338038984	0.5620021067007122	0.567968855428574	0.5695961094878214	0.565528252164421
0.549595344325771	0.5512640551685369	0.5653894553556472	0.3837840351683404	0.37051956649021706
0.5447725586574098	0.5473813603601188	0.5619029709140356	0.3292097862419268	0.3216682059685592
0.5444877798599963	0.5522591157642469	0.5579646624567564	0.306320215582543	0.2975244858609438
0.541449586448767	0.5450665898945021	0.5468622683868993	0.2906833466361549	0.284292807188028
0.5311976414354866	0.5415969808845573	0.5498055077879629	0.2782696036007399	0.2726153904176734
0.3405028938713584	0.5375699956551236	0.5482820267872432	0.2742871916126413	0.2669017300428942
0.285827088272175	0.5263782075756347	0.5389455114789019	0.26897374849261557	0.2595143773976499
0.2664778803277506	0.530130410362083	0.5371186555651445	0.26828093354202004	0.26056195532574405
0.2495347246375229	0.5249931631643141	0.530749280586877	0.25957270427738	0.2540691789725551
0.23867215071340347	0.5241097022048045	0.5310678405072682	0.26074765714080744	0.2521488734370913
0.23838318190763685	0.5247643360548918	0.5258647573116181	0.26548362923476393	0.25987364405103985
0.22904289877780568	0.5233887776999219	0.5288167433513099	0.2595824598313291	0.24928422054976151
0.22863565934131208	0.5230258608718054	0.5213308152945145	0.2566629749201142	0.24530829058583736
0.226507734612126	0.5146183916522414	0.520736867357093	0.15769497176532243	0.24465053336089806
0.2207171904956898	0.5184311099217068	0.33187687709508334	0.12011603471796835	0.24691196931216422
0.21700884887705668	0.5093436179411072	0.26922841377727796	0.11219524926579827	0.24331991130586184
0.22420741209898443	0.5183470127984995	0.25418632563270266	0.10479879051046755	0.24706683704234136
0.22330892406156297	0.5100161738102997	0.23884648238987558	0.09548931473108663	0.23594491564861636
0.21781348900112035	0.3175395233628084	0.2242619411262404	0.08803035430324355	0.1347768663350121
0.21600462972660509	0.26671025419936467	0.22448059826936878	0.08559686796801633	0.10081273391175914
0.12252608331306208	0.2398810734605545	0.2205282985173224	0.07689286529770138	0.09038815657367633
0.09095115390370415	0.22769731923442355	0.21662254572448214	0.07560848230329321	0.07935650033109329
0.07750947967343172	0.21825374838183906	0.2108745497396534	0.07502989474293373	0.07520261949018749
0.07000008758986391	0.2115618415138757	0.21345900187788133	0.07197809048816364	0.06865216387659692
0.06327841853927772	0.20741281928994776	0.2099102767722685	0.06981006931618354	0.06385417725614567
0.055493778546752824	0.20859280748821596	0.2123387508818408	0.06428677318593884	0.06135740942890991
0.053249480988820784	0.20267955072776742	0.21110487938918124	0.06211071241351647	0.05528256476706709
0.051644677367737854	0.20183559242264384	0.20716165187185082	0.058986621734964884	0.05371311097822688
0.04673132290849294	0.2029232341424584	0.2066359282054408	0.059052736986704754	0.05219845275115938
0.04588007160922147	0.20538229678216796	0.11834385537582887	0.056096920729293225	0.04952677143523302
0.04214072438037912	0.1963967770204671	0.08390183067020707	0.05644459053492913	0.04781952103518923
0.03887101556734203	0.1157768995303403	0.07536951981275287	0.05709195491926903	0.04784477455898776
0.03943108957822977	0.085166096777829	0.06288816421614281	0.03799660770160616	0.04868669617835365
0.027706844940581517	0.0726964077900361	0.06129595051850657	0.03192300792983578	0.04697984540858839
0.024486250667463596	0.06767794081126637	0.05174107018791499	0.02828868456623135	0.03258681285630941
0.01994216947547156	0.059118632360568725	0.04984668093016536	0.025685857290692646	0.024846917099278908
0.01920660934351441	0.05219453011098726	0.04739683247683452	0.02318746917654791	0.02086500137093978
0.018921191290811705	0.04978091837576281	0.04339121471223469	0.02219613882786859	0.020802216145240936
0.016921471413748935	0.044944404979305505	0.042651204077903265	0.01974837666930024	0.019876023137565618
0.015606118426860672	0.042319760217195586	0.03837900284125146	0.01979509417367789	0.0186190233968408
0.014308187834289686	0.04089897691422257	0.037657991680495294	0.018838653998339883	0.017029602882688143
0.013125097196873107	0.04006136695632845	0.03749541895907094	0.017780510531238213	0.016907391224123193
0.013262625709843	0.03936413249901262	0.037850908099023424	0.018121025051035525	0.015436444637577616
0.012923995730802985	0.02841024529284146	0.03207959702995883	0.016447156765367232	0.014418191690941135
0.01293691663819429	0.023155101524937483	0.03532975443812739	0.015115180674492537	0.014128720047204847
0.01363078813256738	0.020018396158333476	0.03627236020725097	0.017433724230360187	0.015263469934420624
0.011848758534549746	0.019195885328418774	0.021754833920846865	0.014916891569171647	0.012714676189777023
0.01168428990594528	0.017695192648979192	0.017348105214116984	0.015093299143416493	0.01258214244909604
0.012338751778149474	0.016040611261849663	0.015583056951170347	0.013196503373144012	0.011332787194615586
0.01050903045993936	0.015910512992821604	0.014330053219662216	0.01316300554491598	0.0122553276462609
0.01171029644572865	0.015740225958587893	0.012622482698325008	0.01244854223449974	0.011888100615585848
0.009754465326018952	0.015296367189996982	0.012799275774613518	0.012140768018010482	0.01137498534365516
0.009818802555532325	0.015646877236511855	0.010897782990885207	0.012801397394131673	0.010791639608028519
0.00909624286436613	0.013147857397451732	0.01105575161554929	0.010969372732979266	0.010586100863888285
0.008848198772886822	0.013244140943836264	0.010647905142525275	0.01171326161364612	0.01067000182340745
0.009469473100912843	0.012742095612599267	0.009770642444396105	0.01244288708662134	0.010017091051087057
0.008946640967198487	0.012753137875624628	0.009760363060800012	0.011124211588583862	0.009498981544581212
0.009617151847333104	0.01225977370996609	0.009611968819857063	0.011507232080373329	0.009903937310237641
0.008287779248469632	0.010825593405596134	0.008077545245142318	0.010942610004521394	0.00788874018406185
0.009246304007175642	0.010505875694039078	0.008792002549599795	0.011637887681650989	0.008864776657708469
0.009407924103510117	0.011013732011884908	0.008980959585970248	0.010546856702726981	0.00960987550266029
0.009081215425001456	0.009786969210352277	0.007766612664894073	0.010434316437872468	0.0081152002448621
0.008789381760236853	0.01067449205228702	0.008120316938232737	0.010203835532983856	0.00872550244726564
0.008112271547393725	0.009940001063163166	0.007440751574485733	0.010146819550515431	0.008763787763602935
0.008510981637584347	0.00934465566311803	0.0071723254378456315	0.01164254484950658	0.008684169554658944
0.010006216095041133	0.009748784403609647	0.008466074313453933	0.010480183123699045	0.008147627828330698
0.009399567113812918	0.009202162173035964	0.006688613252228365	0.010970218701685885	0.008745266447948936
0.008567699276463451	0.009855951117042008	0.007433426952885126	0.011459857949515444	0.008391249235933812
0.009231687309649177	0.008561312885540523	0.006252008897569173	0.01097472066350301	0.0074657641450667205
0.008427219182524422	0.009218096631862552	0.007319305917126656	0.010765810255342368	0.008955565793320647
0.008238908078800166	0.0077216194387611115	0.007090692069557733	0.01079672652289576	0.008327665953132352
0.008604569744695065	0.007431501545288294	0.0067191606821001655	0.010965943279321237	0.008103218977637303
0.008691847819806366	0.007438782897904098	0.006393534443376928	0.010552587483049656	0.007893213949849842
0.00830376292805155	0.006963278638565788	0.00785935412892295	0.011130779045526777	0.00775636555603169
0.009111477839796208	0.006930784555300932	0.006826052713729532	0.011294155024335055	0.008101433281229382
0.008863215001247574	0.007443470454624741	0.006330585192955669	0.01056565303603173	0.007782931522945008
0.00856437349913504	0.0074584364796967135	0.007080363000140464	0.009667814292413797	0.007655097052569283
0.008968548968319999	0.007557740728573311	0.006357566972770506	0.011434644148649305	0.007150378540310718
0.008387633847058424	0.0072112957056125904	0.005917867812354243	0.010000529010658676	0.007194988567696506
0.009194297120546755	0.007159979479230198	0.006839025317860381	0.010578158347274328	0.007465195470511
0.008766078065647307	0.0063718233062216405	0.0064300786134551076	0.01044972271591787	0.007384311114830891
0.00868306591477997	0.006941095962489258	0.006819166587856231	0.00963376374805676	0.007513280868616023
0.00788949553847618	0.007117079522060547	0.006291481375675219	0.010376419848226525	0.007663409866373561
0.007816896204600864	0.007013644406195649	0.0055481907185119415	0.010377629533829275	0.007466576333679358
0.008085815275869213	0.006113215091774033	0.006335119940126149	0.010563016814344066	0.007349234973818844
0.00876190173475411	0.0066116164436044594	0.006301554372472226	0.010413767804470281	0.007736480254155896
0.008430094316737522	0.006242429113487143	0.006879592699039245	0.010285946403575295	0.0069500643193073875
0.008152744708978156	0.006419211560550626	0.0064093627504851975	0.010479712663480393	0.0073091341426734175
0.008660791476335746	0.0056110978060428165	0.006320325916756864	0.010433562966944919	0.00739505931930354
0.00788592246284856	0.005447806037790944	0.006402671645583628	0.010903073068651018	0.006752187864321391
0.008184678752518371	0.006549854976627643	0.006290284168842201	0.01075726350569321	0.0063884979217549
0.008231623303097535	0.006614285361621993	0.0060853836843577196	0.010508388919217503	0.007151592937310024
0.008109882945561647	0.006121031024440875	0.006651856789432103	0.010523808136334651	0.008096451416154346
0.00886532175533302	0.005899568700500764	0.005999078139272116	0.01000645505312039	0.007190387088643464
0.008003374360694697	0.006472944717882842	0.006726991230993512	0.010450113599267221	0.006714980589592703
0.008890395925101614	0.00646912039595815	0.006070633879457799	0.010051109491611653	0.006387325860333663
0.00866465374429607	0.006354589814670347	0.007136990586557735	0.010884303180381767	0.00710842288647066
0.008627241768855176	0.007020195611440543	0.006194718696577166	0.01042726884007721	0.007991685261092408
0.0083615877742991	0.005534744447530692	0.006536359572425829	0.010735271091256146	0.007254926246040695
0.008569532252676655	0.006725328901777868	0.007011537010188379	0.01003092567048147	0.0072176275236527365
0.00851030552716892	0.006404957348180702	0.0063986570986411745	0.01101747539806683	0.006991344236690175
0.008303189885985973	0.006570245610321383	0.0063158892288022826	0.009559706427499917	0.007327376357505996
0.008241269022912313	0.005825078462624484	0.006105736726918788	0.009872945802062357	0.007281566200696903
0.008463380155641858	0.005719828659959154	0.0065239343835074275	0.010803401489239516	0.006973082576032795
0.00834976357248281	0.005728315255340295	0.00565050027626173	0.010058468201762198	0.006362794286302292
0.008715630221940447	0.005836536283688169	0.006418456292480156	0.010583305702832953	0.006854158603464782
0.008527014148481133	0.006292105811979155	0.005818799166651944	0.011252307435473813	0.007423132315011281
0.008448469989082733	0.006050169390812044	0.005836197760437269	0.010644055876757019	0.006741173738075416
0.008061225032981708	0.006246056887940464	0.006488627191428143	0.010685644178625074	0.007314257024515831
0.009115928881670655	0.006644244879827168	0.006389584713865576	0.01067610181001065	0.0071043083610970665
0.00871924242800306	0.006133858147827557	0.006809932472722613	0.010166934779499806	0.0074114452182884516
0.008418391639119038	0.005925373184968669	0.006934327570318967	0.010888255518072699	0.007339447557502199
0.008787720287909435	0.007039239973989809	0.0061875857886813075	0.010418677443514596	0.006849715571917231
0.0076906899251686835	0.006580584315711728	0.007346023781620484	0.0104397324156826	0.006879251479776225
0.008143281283052374	0.006444878531429353	0.006479969312486898	0.00907083781545653	0.006677812853794727
0.008077842800322997	0.00637131067864654	0.0059495770081858645	0.010641135224748563	0.006104774989873706
0.007929527965348088	0.005354931994872472	0.0061195875244701055	0.011222644952004372	0.007073669414490921
0.008048045931293454	0.006479507047787807	0.006529611372210258	0.01047184414651884	0.006898388173669354
0.008336880586117205	0.006050020344960297	0.00560193436453714	0.010516428815015142	0.006304149500444495
0.007778631859099318	0.006117406592387562	0.006461427687569661	0.009121474443132155	0.007049987641046454
