1	2	3	4	5
11.236	10.284000000000004	10.214	11.531999999999998	11.121999999999998
17.201999999999995	12.687999999999999	10.714000000000002	12.387999999999998	13.327999999999996
25.666	19.728	16.51	15.081999999999995	19.662000000000003
33.642	28.308	26.015999999999995	24.150000000000006	27.906
46.821999999999996	41.886	37.28399999999999	31.569999999999997	40.794
56.078	53.028	49.12	41.966	52.562
61.766	59.988	57.138	52.292	61.251999999999995
67.58	66.716	63.842	59.63	66.916
71.294	70.446	68.752	66.084	70.172
72.95	72.56	72.018	70.366	72.508
74.25399999999999	73.946	74.20400000000001	73.25999999999999	74.1
74.924	75.28200000000001	75.064	74.832	74.934
75.908	76.01	76.41	75.574	76.03800000000001
76.586	76.79	76.99199999999999	76.54799999999999	77.208
77.29599999999999	77.176	77.442	77.32600000000001	77.80199999999999
78.066	77.67999999999999	78.278	77.962	78.12
78.96	78.246	78.57000000000001	78.566	78.798
79.21000000000001	78.12	78.73	78.808	79.322
79.542	78.79599999999999	79.33399999999999	79.11399999999999	79.232
79.93599999999999	79.244	79.254	79.452	79.468
80.202	79.886	80.054	79.734	79.794
80.47999999999999	80.326	80.066	80.31200000000001	80.24799999999999
80.69	80.46	80.08999999999999	80.166	80.362
81.06400000000001	80.72200000000001	80.47800000000001	80.604	80.604
81.258	80.694	80.908	80.676	80.912
81.37	80.978	80.686	80.798	80.84599999999999
81.688	81.342	81.174	81.028	81.316
81.716	81.28	81.138	81.05	81.38
81.708	81.72200000000001	81.374	81.26599999999999	81.538
82.126	81.798	81.45	81.42	81.726
82.096	82.234	81.60000000000001	87.414	87.82799999999999
82.106	81.992	81.65400000000001	89.188	89.46000000000001
82.124	82.05	81.806	89.932	90.206
82.328	82.214	82.236	90.518	90.686
82.48	82.26	82.038	90.90199999999999	90.97999999999999
88.732	82.538	82.202	90.952	91.182
90.512	82.76	82.628	91.266	91.322
91.286	82.816	82.426	91.038	91.38
91.60000000000001	83.052	82.63000000000001	91.45	91.67
92.078	82.918	82.582	91.416	91.688
91.956	82.734	82.848	91.266	91.418
92.328	82.93599999999999	82.726	91.59	91.746
92.376	83.06	82.882	91.58	91.918
92.428	83.158	83.068	94.884	92.052
92.572	83.002	89.098	96.158	91.834
92.81	83.31	91.164	96.406	92.046
92.54599999999999	82.99600000000001	91.51	96.61	91.84400000000001
92.54	83.306	92.01599999999999	96.954	92.328
92.72	89.688	92.55	97.178	95.61800000000001
92.9	91.238	92.53	97.246	96.818
95.988	91.958	92.552	97.54	97.112
97.04599999999999	92.45	92.732	97.602	97.382
97.516	92.82000000000001	93.038	97.6	97.678
97.736	92.96	92.89	97.672	97.848
97.97	93.054	93.028	97.81	97.916
98.176	93.082	92.97	97.92999999999999	98.044
98.288	93.30199999999999	92.938	98.06	98.286
98.3	93.316	93.15599999999999	98.10600000000001	98.288
98.518	93.23599999999999	93.122	98.06	98.336
98.466	93.122	96.196	98.25	98.438
98.614	93.402	97.306	98.236	98.52
98.732	96.226	97.526	98.196	98.476
98.726	97.202	98.002	98.86	98.454
99.136	97.576	98.002	99.006	98.42999999999999
99.246	97.792	98.316	99.17	99.008
99.426	98.044	98.38799999999999	99.21600000000001	99.276
99.402	98.358	98.45	99.316	99.396
99.46199999999999	98.406	98.578	99.36	99.366
99.492	98.52199999999999	98.6	99.426	99.398
99.51	98.614	98.72	99.42999999999999	99.456
99.606	98.682	98.77	99.494	99.496
99.636	98.726	98.802	99.49	99.506
99.59599999999999	98.734	98.774	99.434	99.578
99.612	99.112	98.996	99.482	99.58399999999999
99.626	99.276	98.818	99.564	99.604
99.58399999999999	99.388	98.83800000000001	99.502	99.528
99.652	99.42800000000001	99.332	99.602	99.652
99.66000000000001	99.438	99.506	99.55199999999999	99.63
99.642	99.522	99.564	99.63	99.67399999999999
99.68599999999999	99.514	99.592	99.622	99.63
99.612	99.53999999999999	99.644	99.632	99.676
99.736	99.53999999999999	99.652	99.69	99.658
99.734	99.534	99.68599999999999	99.64	99.698
99.764	99.636	99.696	99.724	99.696
99.754	99.626	99.67399999999999	99.65	99.708
99.74199999999999	99.632	99.722	99.652	99.728
99.756	99.65	99.738	99.72	99.736
99.72	99.66199999999999	99.724	99.664	99.736
99.78200000000001	99.696	99.792	99.71799999999999	99.804
99.75	99.712	99.77000000000001	99.676	99.756
99.736	99.68	99.752	99.712	99.756
99.738	99.728	99.82799999999999	99.734	99.8
99.754	99.69	99.77000000000001	99.72	99.754
99.78200000000001	99.71799999999999	99.79400000000001	99.724	99.77000000000001
99.778	99.762	99.788	99.678	99.754
99.72	99.72	99.756	99.69200000000001	99.79400000000001
99.726	99.738	99.848	99.694	99.772
99.8	99.71	99.81	99.702	99.758
99.756	99.76	99.858	99.70400000000001	99.81
99.766	99.724	99.82799999999999	99.696	99.758
99.778	99.79	99.822	99.712	99.78
99.766	99.798	99.822	99.684	99.776
99.746	99.778	99.854	99.70400000000001	99.778
99.76	99.83	99.79400000000001	99.72	99.80799999999999
99.738	99.80799999999999	99.81400000000001	99.68	99.79599999999999
99.764	99.802	99.866	99.7	99.802
99.768	99.81	99.83800000000001	99.75	99.806
99.76	99.802	99.86	99.698	99.81
99.78200000000001	99.79400000000001	99.86	99.738	99.804
99.726	99.806	99.85000000000001	99.714	99.81400000000001
99.728	99.858	99.842	99.70599999999999	99.83
99.79	99.806	99.806	99.756	99.78200000000001
99.79	99.804	99.83	99.702	99.804
99.798	99.81400000000001	99.868	99.702	99.81400000000001
99.812	99.874	99.848	99.712	99.804
99.766	99.836	99.866	99.728	99.792
99.764	99.836	99.836	99.754	99.822
99.79	99.83800000000001	99.834	99.722	99.812
99.756	99.856	99.83800000000001	99.728	99.812
99.792	99.874	99.844	99.658	99.82
99.786	99.832	99.836	99.732	99.83999999999999
99.78200000000001	99.824	99.87	99.722	99.834
99.79	99.85000000000001	99.83800000000001	99.734	99.772
99.776	99.83800000000001	99.85199999999999	99.712	99.818
99.804	99.824	99.834	99.72999999999999	99.86
99.764	99.83800000000001	99.85199999999999	99.728	99.848
99.75	99.832	99.792	99.72	99.818
99.758	99.822	99.856	99.722	99.792
99.786	99.888	99.82600000000001	99.69200000000001	99.82
99.774	99.81400000000001	99.83999999999999	99.728	99.844
99.772	99.832	99.866	99.71	99.80799999999999
99.77000000000001	99.834	99.832	99.74	99.81
99.766	99.854	99.848	99.76	99.832
99.754	99.864	99.86	99.708	99.822
99.79400000000001	99.86	99.872	99.72999999999999	99.854
99.756	99.854	99.868	99.71799999999999	99.842
99.75	99.83800000000001	99.866	99.696	99.802
99.79400000000001	99.83999999999999	99.862	99.71600000000001	99.82799999999999
99.778	99.832	99.85000000000001	99.714	99.816
99.76	99.816	99.836	99.70400000000001	99.804
99.74199999999999	99.836	99.82799999999999	99.726	99.80799999999999
99.766	99.844	99.822	99.69	99.81400000000001
99.76	99.8	99.83999999999999	99.69	99.832
99.802	99.82799999999999	99.802	99.714	99.83999999999999
99.774	99.834	99.834	99.75	99.82799999999999
99.756	99.83800000000001	99.842	99.698	99.872
99.786	99.882	99.854	99.664	99.82600000000001
99.792	99.822	99.846	99.70599999999999	99.832
99.78200000000001	99.858	99.86	99.728	99.85000000000001
99.812	99.848	99.848	99.758	99.82799999999999
