1	2	3	4	5
1.7679899055939503	1.7207534990042372	1.8043060485664235	1.7603594000687075	1.7697495048308303
1.3156778570026386	1.226288267870998	1.3152741449873155	1.2349450758960858	1.2803410989854032
1.0873782572234076	0.9901985567244119	1.0585396638916569	0.982379832383617	1.019603763394953
0.8962361980277254	0.8547808174282082	0.8835325392006003	0.8470951832468859	0.8748003938009059
0.7814837194159829	0.7662972490805806	0.780104135155983	0.7582484086608645	0.7792416727146528
0.7190883027775521	0.7125673239188418	0.7218478427975987	0.7084390657484683	0.7242524750397333
0.6883948554315841	0.6845931642500644	0.6873475770511285	0.6792717038670463	0.6943329905762389
0.6687227851899382	0.6582256772786457	0.6684265214463935	0.661554317416437	0.670978083482484
0.6531246194754109	0.6487521416390952	0.65689765522852	0.6458822289848573	0.6615421447302683
0.6409630998016317	0.6410972314417516	0.6477626512575027	0.639443335935588	0.651823395810774
0.6382826308307745	0.6325306085217022	0.6398829974786707	0.6244676017852696	0.6390981605595638
0.6339044776718942	0.6334576457357775	0.6274861766554204	0.6199285998521259	0.6358873397493002
0.629153029159512	0.6288272318480257	0.6263601395022834	0.6192825297870302	0.6286028711234825
0.6222233801241726	0.6152837694148582	0.6140032235313865	0.6098497588463754	0.6192132806991376
0.6129688892675472	0.6120957603387507	0.6038149259127008	0.6043176718837464	0.6101068606614463
0.6161727533316066	0.6102753778552766	0.6123736529703953	0.6055388949868619	0.6189928365790324
0.6113325779700218	0.6090935544894479	0.6010264863291054	0.5971146159617186	0.6089416466405627
0.605687714598673	0.6072754813429645	0.5954424757176959	0.5943596674810588	0.6076200646360213
0.6093171204599875	0.5971457216593316	0.5864298806318538	0.5930753460777999	0.5926132988746822
0.6023344899077554	0.5934488312972475	0.5857570442702154	0.591781051567448	0.5885765502215042
0.6052243298734243	0.5964461567304326	0.5901174100920967	0.5866292936112874	0.5957331236670999
0.6070058742904908	0.5912911516168841	0.5901808974230682	0.5902639927766509	0.5894172440099591
0.6031728043123279	0.5853173743428476	0.5804497553107077	0.5849985676195925	0.5843079845466278
0.596126285355415	0.5834539350493788	0.5828386986499552	0.5802188341117576	0.5846662955820713
0.5948010021463385	0.5785637061156881	0.5790790446731434	0.5749185971744224	0.5822084745787603
0.5934665310565772	0.5843001527859428	0.5817501845262235	0.5793421122119253	0.5795111741556228
0.5953476565420776	0.579867802312612	0.577979633722769	0.5760141001333061	0.5869030135366922
0.5926190338781113	0.5806923806667329	0.5758889006531759	0.5769699700653099	0.5808586222893749
0.5854666284130656	0.5741855484597829	0.5691759953718354	0.5694834799565319	0.5717225317150124
0.5913985879982228	0.5809013068371112	0.5759818067636032	0.5687525876800115	0.5801193203462658
0.5842062160944389	0.571864472859351	0.5776981787608403	0.5666163457781458	0.5766126920500069
0.5856302717457647	0.5748541620381353	0.5819380835956324	0.5784179821343677	0.5815687548473972
0.5948720917372448	0.5788639175617478	0.5790178555509315	0.5795175386664211	0.5752177040290343
0.5896928298198968	0.5699529030438877	0.5776503077705799	0.5754772992542635	0.5743696965524911
0.5900732292543588	0.585204437794283	0.5783048393323904	0.5735152592439486	0.5755923090078641
0.5895130058078811	0.5707780391816284	0.5776242078722589	0.5744588390335708	0.574177265243457
0.5919352601403771	0.5732594903777631	0.5725220318340583	0.571233420649453	0.5719911381411735
0.5859386587844175	0.5677779484587862	0.5769086547977177	0.568161775693869	0.5697220324555313
0.580943952740916	0.5726673556563184	0.5773182490750037	0.562341969183949	0.5690257913621188
0.5838842387394529	0.5727102206186261	0.5767765605388705	0.5674380985519767	0.5760189534910497
0.42860284783041347	0.4123698457351424	0.41762932464289854	0.4088459589978312	0.4130915151456432
0.36349358034255863	0.35300950439232365	0.35315201810711166	0.34786236248052954	0.34949002893227143
0.33966214124046623	0.3300764170067999	0.33052531448776445	0.32592206568364285	0.3311948386756965
0.3254945549894782	0.3161341211832392	0.31697651191288256	0.3100631584215651	0.31546012889546216
0.30937952881731345	0.3005725018051273	0.30392144132605586	0.2971410865673935	0.29990394520180325
0.2975717895780987	0.28945120300173455	0.28919755997102914	0.28644125548470073	0.2892611133091894
0.29153815491120216	0.285147744219017	0.28675000440053006	0.27820973894785134	0.2826809724197364
0.28471063538585467	0.2735808011515977	0.2770808546058359	0.2731956757624131	0.27653159081097467
0.2821303537053528	0.27082534227758454	0.27225951126316955	0.2680690416975705	0.26916092104466666
0.272883606803082	0.26633672425737753	0.2647261211596184	0.26084088587471266	0.2615817814989165
0.2694835096521451	0.26080016845175075	0.260759973369748	0.2567256722799347	0.26211434103491377
0.2633775524090013	0.26005596036801226	0.2566822246098152	0.2571092833719601	0.2552299357359977
0.25820596851503785	0.2532302799546504	0.24969624891839076	0.24670707310557038	0.246329927154819
0.2576797418201058	0.2505986193752351	0.25128347234195436	0.2446258664131166	0.24926202568937733
0.2562751380912483	0.25178031478544016	0.24904597280046828	0.2427895598094481	0.24491586000718119
0.252187681167632	0.2433376068539937	0.24712245901832183	0.24137940688435075	0.24179905704448898
0.24607109465181357	0.2439036040240541	0.24254069479225226	0.2400419653186102	0.24064438264159588
0.24589743665264696	0.2415581522580911	0.2395584913127867	0.237533073157758	0.23664395507339325
0.24592560455393603	0.23752114405412508	0.24241555924229596	0.23453361718246085	0.23684429093395068
0.24060238499546915	0.23575490724552634	0.23440939904478805	0.23134673127661573	0.2288876250386239
0.24241514936508723	0.2375571577978865	0.23775175061372233	0.22989181844550946	0.23189667922913873
0.24219161714129422	0.23429925716898933	0.23588543249975383	0.22983089329489037	0.23066229777186714
0.23643190065003408	0.23726817590120217	0.2334665929912911	0.22757308061241793	0.22897155087469767
0.2402344311365998	0.23305218045592618	0.23156116876150945	0.22965058844412695	0.22905038912659112
0.2354244729289618	0.23725966623295905	0.23237973024778058	0.23054397963654355	0.22922713147557292
0.2366032766373566	0.2343512020452552	0.23436092652018395	0.22725277794215382	0.22809273235099703
0.23596860155882426	0.2320307825532411	0.23108247423644568	0.23014396571975834	0.22892727287452846
0.23849996280334781	0.23566030432729781	0.23161592347847532	0.2259432095319718	0.22854297813933208
0.23809291927329734	0.2301954322535058	0.23295956505152876	0.22722127219981245	0.22889637836562404
0.23604409158458503	0.23343503368480126	0.23286302972708833	0.22579922281262824	0.22463050917210176
0.18691549442536992	0.18201677216326478	0.18125568953392762	0.1773023812095528	0.1800913602837821
0.16340878400046505	0.16003566648801587	0.15893658442074973	0.15638341651776874	0.1559831594567165
0.15600125581178517	0.1508139614539836	0.15214666768031956	0.14658974983808032	0.147149394702195
0.14978523441897643	0.1481872307198584	0.14590151034428947	0.14470403603351945	0.1450881831386053
0.14325693587932126	0.1378403752184737	0.13960536769436463	0.13785334169636	0.1378524706834723
0.1405865117393035	0.13572674161752174	0.13754318519245315	0.13390728137682156	0.13401853537086952
0.13932649564483887	0.13708660057019395	0.13668486208219052	0.12964389040646931	0.1312630291065902
0.13187936580051543	0.13245836936909214	0.1306558240710012	0.12728592261786337	0.12843923726121473
0.1302290378838702	0.1271165560864273	0.12769889678148677	0.12620952334778976	0.12654435429769703
0.12773019045858136	0.12499526388886027	0.12453633649727279	0.12087976610492866	0.1215020741629021
0.12748759408550497	0.12434026717072565	0.12413112598154562	0.12204629862133193	0.12026040511362994
0.12509431063061796	0.12305373687039857	0.12158732555444593	0.11582163990001242	0.11871827959709466
0.12375963671737929	0.12224407906613095	0.11928290875671457	0.11505721832442158	0.11859353239197874
0.11967500402589742	0.11828370952545221	0.11821234117612188	0.11303425571688304	0.11430704439311376
0.12299199725317833	0.11673142629511217	0.11623283324148655	0.112722655653458	0.11276015748872477
0.12189969909198747	0.11469889649421057	0.11532358410756295	0.110958807975473	0.1089177330874878
0.11901658747697723	0.11465788489717352	0.11370571010062461	0.10962838155057886	0.11079333709729149
0.11243148926464491	0.11087034966634662	0.11289667878347587	0.1062919933329839	0.10745430488110808
0.1146485839334443	0.10947694649438718	0.11089381388843521	0.1042137497850239	0.1062701571913784
0.11158966082517448	0.10744802384158537	0.10694284618967934	0.10542224066527307	0.10347343062805704
0.10551800708884324	0.10360523757746304	0.10145652008331031	0.09925622219586609	0.10055419735496161
0.10372047893264719	0.09877455176409244	0.1015562915702915	0.09655129044885984	0.09769999988548597
0.10445199521434732	0.10299991594289262	0.10068766384497475	0.0985832116125947	0.09882976076163137
0.10149724830103955	0.10033208974029709	0.09668890824612904	0.09574293886380433	0.09496861953012012
0.10225350509785934	0.09882535791153192	0.09753513086558603	0.09584484720493068	0.09450647305420906
0.1034011232864369	0.10071368675555101	0.1006625902879497	0.09501182837197399	0.09763297698724917
0.10218859598745622	0.0980400724522293	0.09908046631995215	0.09305762485279452	0.0956937769508881
0.09987349368041122	0.09900363063549289	0.09859409027011198	0.09424729267959403	0.09291989433452909
0.10155132525336098	0.09642361309331693	0.09758775372086734	0.0923139276959554	0.09416276883438732
0.09990879540781838	0.0966236962581915	0.09700969174085065	0.08996547893871124	0.09401141937412422
