1	2	3	4	5
1.6155658737777756	1.623001942244333	1.6405744729444502	1.644863674707729	1.6214039023879843
1.2600069667982021	1.2877056199266468	1.303210517329633	1.3359001240766877	1.2638548539422658
1.034868885793954	1.0777787816189135	1.0684301231218427	1.1192001605887556	1.0489036963723797
0.8990040372704607	0.9058156240626678	0.9160208061832911	0.9420931788966479	0.904945886653403
0.7846881628341378	0.782005414023729	0.7997151308352382	0.8063730606642527	0.791930751879807
0.7058279988405955	0.698891290313447	0.7095952736752108	0.7155692226746504	0.7004056836637987
0.6474621568799325	0.6386526876398363	0.6512755173856336	0.6538781359067661	0.6484592851165615
0.6111987855885647	0.6003348317445085	0.6103514215677903	0.6120172638417504	0.6063036118322017
0.5804892430829883	0.5734134282907265	0.5799738509423292	0.5860103457937461	0.5759702428527497
0.5539389980571047	0.543975091727493	0.5570895197751269	0.5610106867902417	0.5571664332428858
0.538680365399631	0.531922807169082	0.5416860490503818	0.5417582199854006	0.5431310131269341
0.5297132986585811	0.5183300218161412	0.5250232181585659	0.5281150635246125	0.5254479185547059
0.5158190833180765	0.5062738012169938	0.5123492677498349	0.5195029963312859	0.5134547530385236
0.5028984487209176	0.4947302899397239	0.499991387814817	0.5067378448708284	0.5018643901476164
0.49463271233431805	0.4829304774703881	0.4928383440770151	0.4967380563926208	0.49564106087855364
0.49474772330745104	0.4872233824961627	0.4934930438580722	0.4946664444473394	0.49227316879555416
0.4808339917903664	0.47716653903427036	0.48534644976296365	0.4871066570891749	0.48318230991473277
0.48055458823433334	0.4785430514446608	0.47742646086551344	0.4824571968496912	0.4783603335585434
0.4724636388861614	0.46997204628746836	0.474494221112917	0.47690342713499906	0.46836217529023705
0.46789367416935496	0.46205644336197965	0.47092155529105134	0.4747789961755125	0.4673312346801123
0.4655979875560916	0.4614679106818438	0.4649660934877519	0.4735052954510351	0.46068043644775786
0.469528292832167	0.4650413906940109	0.4604931173422148	0.46474953876127034	0.46269864880520356
0.4600951763827476	0.4600914823429662	0.46023652582522245	0.4612329626632163	0.45940718702648015
0.4575025164105396	0.45694333474959253	0.4590955911694891	0.4585615589338193	0.4547109311956273
0.46359067034843393	0.45276525814819824	0.45990574733375583	0.4585157684657885	0.4505540773539286
0.45423550976206895	0.4568116435461943	0.4637928505230437	0.462004327484409	0.4535027723330674
0.4581279057980807	0.4544763650430742	0.4599201285168336	0.45341139376315936	0.44950164080885646
0.45270262426122676	0.45122297866570066	0.4572031664878819	0.45363848585911726	0.45129159595960255
0.454008082599591	0.4529835303573659	0.45146537642649687	0.45453745766978754	0.4491002192277737
0.45086992861669684	0.44613684580454166	0.45374883052028336	0.453339021452857	0.44814373709051786
0.3416999160405012	0.34210399124780877	0.44919236282558433	0.4466385428253036	0.44548037450026984
0.28005212842655924	0.2796253457551113	0.4485721854907474	0.4484224869771987	0.4451640585194461
0.2566757387746022	0.25457663106186607	0.4517158629644252	0.44953450027024355	0.3356596282528489
0.24180213036134723	0.2386158393014727	0.4470717548714267	0.44529375205259525	0.2758778714767808
0.23039693070951933	0.23094087320825324	0.3410650995914893	0.44603144329832045	0.25382168568156277
0.21908532285019566	0.22048732920375938	0.27721385124241876	0.4450933054432538	0.2369055533043258
0.2106493977100952	0.21397965201331542	0.25283470574547257	0.4404352622873644	0.2248561511487912
0.20591153959026734	0.2080319925494816	0.23818335196246268	0.43912644840567316	0.21249047836379306
0.20044708541592057	0.20137457789667404	0.22650331049166678	0.43691122402315563	0.2087791056736656
0.19890863899989503	0.20069714759469331	0.22041605092832806	0.44037548904223833	0.20772845730604728
0.199137568664368	0.1994661252821802	0.21359782965134474	0.4379363606500505	0.19930366440044953
0.1944389985421734	0.19510862654279862	0.21049148000567158	0.4397403624508997	0.19665510727621408
0.19229990283927642	0.19048583951523837	0.20142870556439268	0.326480519474315	0.1919206894000473
0.19239189862595166	0.195813359849898	0.20188410462016032	0.27451071871058724	0.1932653647935604
0.18995151752629852	0.18976613221799635	0.19850417986855162	0.24996726535012972	0.1902364012225511
0.1875951218673641	0.1866457777864795	0.1915537596815991	0.23361720899334334	0.18518176329943822
0.19028960147400953	0.1915591178685808	0.19086284241865362	0.22298970986205305	0.1849527537746502
0.1877500130544842	0.1856495346254705	0.19364664614048138	0.21497225593727873	0.18696098041046616
0.1864450785814952	0.18667557484963368	0.1913134773330921	0.20710229000929367	0.18798980606562654
0.18694054577356714	0.18642716993913622	0.18844102854695155	0.20653075475217142	0.18483772098332105
0.18914273110649474	0.18999490014198803	0.18928976635189	0.20351252615299362	0.18465538193350267
0.18456614762544649	0.1896530946769068	0.1922614248588567	0.20209698337118334	0.18250747337518147
0.1820575027438381	0.18601016183872043	0.18542891977083345	0.1944427316451012	0.1808483232089015
0.18668236248099895	0.18709230198122348	0.18891935418252762	0.19457556804656367	0.18042522855579404
0.18321306858678607	0.18572296061174345	0.18963837440666328	0.19322663442710464	0.18402059974572837
0.1835255358377686	0.1865763072581851	0.18913494332519634	0.18919486104679836	0.18043567144962214
0.18153838756139326	0.18244058594984158	0.18370560697658586	0.18734652497579368	0.18131230809651988
0.1841965103355209	0.18465808020604543	0.18949540344345597	0.19062064748133534	0.1543089268762437
0.182058850289001	0.18478858463294667	0.18424049738194329	0.1860891730355484	0.12385551553324362
0.17962079594278574	0.14900113579333593	0.18146677900229558	0.1834037070688994	0.10911642243642636
0.17784752424263264	0.12230648740630624	0.18233303977247994	0.1875636658781325	0.10380742106291334
0.17998990264085243	0.10895786135245471	0.18202227780886013	0.18727837611571002	0.09567297404379482
0.18190699903404012	0.09689890078800116	0.18243170396217595	0.18158770192538376	0.089043215860415
0.13900142366928828	0.09005248047354276	0.17968081915393808	0.18430967981476906	0.08619470795249692
0.11246519463370215	0.08530342930456253	0.14441209278829253	0.1869904934750187	0.08130345807965762
0.09967419055416764	0.08143884763883809	0.11796324730605423	0.1853575158645126	0.07787887183258597
0.09209116743615517	0.07745158628505812	0.10543399733846141	0.18684404057538714	0.07553085644760398
0.08355370275390414	0.07317833809177293	0.09886174054478133	0.15036884239872406	0.07250929392321645
0.07894165097447613	0.07091354795009888	0.09252337738871574	0.12763627505172837	0.07074630155663972
0.07535914765180224	0.0683368706832761	0.0866565410324069	0.11441825088256453	0.06644273340663948
0.0721873906548219	0.06714943294291906	0.0828587303362082	0.10746170799521848	0.06544803994733968
0.0677077275274507	0.06375749445403629	0.07592326157804956	0.09971029865924662	0.062369742995256654
0.0648974781984563	0.06343552718877488	0.07400121254956024	0.09376498373687424	0.06162163560443062
0.06339838325767709	0.06303741267460693	0.07250043681210576	0.0906348359744872	0.06141697989819602
0.059632480101626556	0.05838034598304486	0.06811326937487971	0.08602765432137355	0.05863078090045455
0.05829817291987523	0.05880082169990712	0.0666723773169244	0.08379656153604802	0.058274843756233374
0.057180798267159674	0.05773121893139145	0.0658054707185996	0.08108973839436957	0.05782685053946877
0.05648893923939341	0.056323265780687644	0.06253752545417883	0.07641219207659707	0.05584344028226096
0.05412865313879972	0.054507217110346624	0.06027924513820646	0.07405995338431105	0.05450449812004477
0.05363378514681024	0.053503845268122095	0.06090458469165254	0.07218965211564016	0.053876645767780194
0.05289885064448846	0.053646092962883335	0.05962155008559944	0.07127636086071854	0.05556572239626855
0.05151476574313763	0.053157983986122544	0.05831814263387563	0.0699799227935579	0.05375691786255984
0.050578576567418446	0.05152200997028203	0.0566223214339951	0.06946172888207314	0.053617179141286976
0.049465397125124315	0.051923115983071866	0.054965683818816204	0.06627390706611568	0.05044312848021153
0.049198451435283966	0.05099733550663647	0.05374760587540124	0.06520241677113202	0.05125508765640013
0.0483944054569125	0.049517853638095334	0.05291705512825179	0.06429214836538905	0.050180533143412996
0.04846744618052259	0.050174185453587795	0.053671843193642946	0.06372499417828015	0.049749466650130796
0.04794752271488649	0.04828256550137804	0.05203183228269105	0.062422372943833626	0.04915120783726428
0.04828226116135755	0.04837744343844825	0.0523612414965468	0.06181595702191138	0.048927438119069105
0.04591730666701749	0.04835162276063884	0.05132291204941549	0.06041465350962658	0.04873719123070651
0.04385631585784272	0.04797720374144101	0.050660404326665735	0.0600705341057247	0.04953241601224292
0.04521609340672909	0.04605213547473218	0.04895166979383324	0.0578690805493871	0.0474996011075385
0.0449501755016158	0.04803595080247622	0.051099354744224286	0.058785554502740534	0.049084490150823015
0.04484059324826272	0.04628671322237043	0.04875057544606877	0.05669096863978662	0.04748814099985163
0.044059928363698826	0.04703736627269583	0.04893529471819816	0.05621728713116832	0.04738013345338502
0.04478192810073988	0.04780014485711485	0.05015768332745107	0.05839936974008219	0.04369160237595855
0.04359132376358941	0.0466659766862459	0.0474010886686385	0.05524611387335125	0.03955419911810047
0.043258336317889855	0.04599277273087247	0.047778674408488576	0.05502423842716245	0.03761712601765641
0.043533739359939747	0.04451403056588172	0.0472508952964831	0.053973215291529014	0.03677283241258707
0.04368956323208099	0.046562183262480177	0.04577885010777535	0.05259037306984828	0.03532924716029783
0.042465453781663914	0.04503647480969843	0.04674713980987712	0.05349848324151908	0.03396347194643273
0.04261114317304486	0.045257921642659585	0.04448922834051845	0.05358173177980094	0.033759030191909054
0.04305633608623388	0.04508129884119686	0.04615053115769877	0.05382307418776903	0.033965742920556354
0.042902680051982243	0.04476707523969743	0.04699925802972006	0.05407685675965551	0.032659197357171155
0.04324345987128174	0.046271621761724474	0.045787725935849705	0.053805832815406546	0.03290520964280877
0.04321701905173264	0.04469988716151709	0.040980453605351554	0.04796122153149088	0.03236305520957923
0.04522987794312065	0.04720313535512565	0.0380871822233395	0.04508681000803442	0.03220242475066572
0.04182100930558447	0.043234328546411266	0.035527460934484764	0.04234063184207969	0.03111945641944017
0.042743086533816255	0.04573666579221063	0.033605070653683546	0.040636246323661744	0.03051868854495494
0.041611660057512045	0.0451709678172684	0.03304729948911214	0.040190740405103134	0.030369692062839976
0.04237105502077685	0.03861418080127909	0.03219339868906512	0.03844242895503179	0.029514005233812347
0.04287043771208704	0.03595493851548721	0.03136292017062609	0.03895897889400229	0.02933110433447237
0.03712890095189406	0.03370379935473658	0.030614513437004044	0.036531164984950036	0.028600082937580394
0.03437053276430763	0.03284706432572411	0.03134447719920859	0.037363195486957455	0.02949944274056978
0.03254960906332182	0.031049357810536474	0.029773034455488085	0.03630838839008528	0.02896319696789278
0.030676865297586422	0.03156574155249253	0.029697767873306552	0.035704912986997024	0.028598668482488078
0.03072112150337843	0.03116219737054901	0.02947162140322767	0.03583890823242457	0.02875764445280253
0.029567895878744706	0.029464846750830904	0.029314745134195245	0.03449862610186684	0.027865306802970526
0.02841299103901666	0.02894353934699465	0.028401844608394997	0.03358676324805717	0.027281770532679227
0.028056828714811913	0.028821978396485995	0.02813345346780841	0.03342807822196229	0.027791213925422924
0.027604807744664922	0.02814552298201549	0.028022830810426443	0.03399683036091156	0.027866473535785582
0.028059465198508448	0.027607263813790913	0.027857909043369548	0.03341572172463398	0.02688867868641226
0.02623910496911735	0.02778265220077369	0.027184023748120987	0.03293912468568595	0.02673519142400806
0.026219449792047746	0.027158112136547077	0.02690325783627569	0.032638810186758835	0.02616841378895675
0.0263721285330708	0.026766251805988718	0.027336295467832342	0.032087137798785866	0.02621261817176858
0.026110343544570088	0.025990979862697147	0.026659610952772313	0.03188658766496134	0.026211145715049605
0.025663035895551557	0.026119516519329426	0.026183453400421632	0.03084707149135335	0.02583147735213456
0.02533221427265491	0.025963631749172197	0.025990415640804176	0.0308535216528627	0.026102989997781472
0.024494025484680215	0.025959649699671038	0.026656103477625124	0.03161061299331199	0.02615190755166207
0.024423826252446146	0.02524382676548132	0.025738339585340223	0.029764995905463495	0.025320336232176208
0.024086403150749794	0.02546725510274206	0.025960670707895036	0.03028338305090015	0.025242891167397682
0.024122905903174292	0.024053884770178134	0.025495629405121685	0.02914688301980113	0.02542812771895124
0.023493989101608707	0.024772973340528703	0.024778804429771036	0.029525147357960347	0.0251562416605899
0.023856749105483962	0.024576139922165674	0.024617010479807237	0.029567374955014807	0.024894842939913425
0.023417304770168294	0.02388000394196232	0.024285735152757087	0.028843806885049467	0.024762374089311465
0.023198627585740473	0.024056144632742082	0.024176903150003877	0.029265179772816056	0.024517585609174903
0.02272709080820804	0.02308395165769036	0.02491753124167471	0.028915543771346506	0.024323572342753248
0.023042352793885928	0.023643105922033416	0.0241724134320417	0.02872736587444	0.02432286934426906
0.022454512143588578	0.0237580670991822	0.024155705890920774	0.027875566731214208	0.023786153977789225
0.02237708936624056	0.02317586345145542	0.024131933103322675	0.0275378988536499	0.023776654663788695
0.02237619018739523	0.022871893551915188	0.024129584538833716	0.027677997880046015	0.023547554729253906
0.02217037313858338	0.0228670303783644	0.023975251807028558	0.027706862036662783	0.023747875138431254
0.02206141773677999	0.022779900004225015	0.02326846384988795	0.027363793752954127	0.023272245684090788
0.02233829941657726	0.022822703823180444	0.023715702516724693	0.02686486659985979	0.02307816065104722
0.022588188655179028	0.02309223635079306	0.02325773156483841	0.027657980439931996	0.023855439453955046
0.02238278822673251	0.02259316275853788	0.02247818532492727	0.027397392260487125	0.02357306184194734
0.022064383422760556	0.022071642932170028	0.02347816413749591	0.02692227042458781	0.023299626913159843
0.020989557628131594	0.02175367009037596	0.022338579616049653	0.026742311089735498	0.02278145355508302
0.021190019176744113	0.021790762901153705	0.02202164984124776	0.02730977742234841	0.02287195539078139
0.021020927604602276	0.021408316369652	0.02254240012839629	0.026336469246870105	0.023005236530928955
