1	2	3	4	5
7.4100000000000055	7.338	7.423999999999998	7.2940000000000005	7.425999999999999
16.332	16.759999999999998	16.342000000000002	16.596	16.762
23.185999999999996	24.176	23.150000000000006	23.802	23.318000000000005
29.234000000000005	30.896	29.491999999999997	30.086000000000002	29.679999999999996
34.894000000000005	36.0	35.034	35.467999999999996	35.032
39.016	39.864	39.525999999999996	39.676	39.378
42.582	43.386	43.10000000000001	43.248	42.65
45.678	46.221999999999994	45.876	46.211999999999996	45.898
48.35	48.522	48.596	48.226	48.29
49.866	50.208000000000006	50.144	50.0	49.844
51.612	51.798	51.82	51.483999999999995	51.53
52.614000000000004	52.94799999999999	52.937999999999995	52.712	52.738
53.876000000000005	54.370000000000005	54.092000000000006	54.03	54.312000000000005
54.542	55.04800000000001	54.686	54.874	54.82599999999999
55.454	56.016	55.86	55.967999999999996	55.92399999999999
56.186	56.279999999999994	56.178	56.054	56.408
56.86	57.34	56.938	56.95	57.028
57.333999999999996	57.714	57.32999999999999	56.977999999999994	57.47800000000001
57.984	58.342000000000006	58.18600000000001	58.032	57.97
58.184000000000005	58.436	58.396	58.18600000000001	58.228
58.202	58.75600000000001	58.61000000000001	58.391999999999996	58.63
58.904	59.388	58.80000000000001	58.858	58.967999999999996
59.392	59.558	58.988	59.358	59.482
59.29	59.68599999999999	59.704	59.602	59.582
59.846	59.98	59.855999999999995	59.544	59.806000000000004
59.962	60.47	59.617999999999995	59.919999999999995	60.312
60.362	60.636	60.660000000000004	60.443999999999996	60.666
60.53200000000001	60.412	60.583999999999996	60.455999999999996	61.212
60.837999999999994	61.236000000000004	60.894000000000005	60.959999999999994	61.217999999999996
61.086	61.30800000000001	61.29	61.288	61.39600000000001
61.222	61.922	61.756	61.19799999999999	61.02799999999999
61.162000000000006	61.596000000000004	61.422	61.51599999999999	61.60600000000001
61.49400000000001	61.90599999999999	61.75200000000001	61.456	61.334
61.576	61.870000000000005	61.832	61.714	61.724000000000004
61.768	61.718	61.768	62.11	61.612
61.868	62.12599999999999	62.036	62.11800000000001	62.32
62.022	62.646	62.224000000000004	62.08	62.522
61.830000000000005	62.440000000000005	62.498	62.446	62.41799999999999
62.285999999999994	62.48199999999999	73.10799999999999	62.522	62.413999999999994
62.141999999999996	62.3	77.298	62.528000000000006	62.403999999999996
62.72800000000001	62.978	79.21000000000001	73.734	63.11599999999999
62.7	63.164	80.452	77.402	63.322
62.596000000000004	62.798	81.49	79.364	63.12599999999999
62.806000000000004	63.12599999999999	82.664	80.658	63.06
63.162000000000006	62.87199999999999	83.136	81.77	63.198
62.894000000000005	63.344	83.554	82.638	63.418
63.019999999999996	63.501999999999995	84.464	83.70400000000001	63.60399999999999
63.388	74.444	84.834	84.126	74.808
63.244	78.184	84.98	84.63199999999999	78.592
74.69200000000001	80.084	85.436	85.148	80.318
78.56400000000001	81.594	85.812	85.304	81.896
80.432	82.75200000000001	85.89	85.67	82.98400000000001
81.614	83.22800000000001	86.058	85.934	83.758
82.464	84.294	86.03	85.992	84.502
83.544	84.824	86.164	86.346	85.076
84.288	85.162	86.57000000000001	86.464	85.846
84.99	85.528	86.508	86.526	86.006
85.232	86.04	86.694	87.09599999999999	86.494
85.416	86.164	86.474	86.652	86.37599999999999
86.316	86.348	86.69200000000001	86.75399999999999	86.78200000000001
86.352	86.306	86.688	86.7	87.048
86.80600000000001	86.64	87.11800000000001	87.20400000000001	87.038
86.47	86.718	87.034	87.0	87.11
86.804	86.69	87.528	87.068	87.014
86.80600000000001	86.736	87.244	87.178	87.546
86.89	86.79	88.018	87.44000000000001	87.47
87.004	87.144	87.63	87.872	87.636
87.034	87.086	87.43799999999999	87.774	87.51400000000001
86.924	86.978	87.594	87.44000000000001	87.798
87.428	87.522	88.55199999999999	88.08	88.08200000000001
87.07199999999999	87.44800000000001	88.07000000000001	88.02799999999999	87.766
87.358	87.366	88.348	88.29400000000001	87.752
87.44000000000001	87.25	88.262	88.34	87.75
87.33	87.80799999999999	88.546	88.442	88.07000000000001
87.756	87.786	88.988	88.434	88.08200000000001
87.68599999999999	88.112	88.88000000000001	88.738	88.32799999999999
87.97399999999999	87.804	89.07000000000001	88.864	88.592
87.956	87.646	88.896	88.88000000000001	88.29599999999999
87.91799999999999	88.146	88.52	88.498	88.116
88.004	88.068	88.898	89.02600000000001	88.72
87.746	88.424	89.62400000000001	88.78	88.558
93.864	88.116	89.12599999999999	88.986	94.354
96.25399999999999	88.412	89.11	89.34	96.688
97.076	88.344	89.602	89.586	97.53399999999999
97.39	88.652	90.256	89.81	97.74199999999999
97.748	88.678	89.73	89.658	98.08200000000001
97.942	88.864	89.7	89.538	98.302
98.28	89.25800000000001	89.776	90.0	98.54
98.372	89.22200000000001	89.66	89.644	98.644
98.372	88.886	89.652	89.932	98.69
98.642	88.97800000000001	90.058	89.748	98.902
98.804	89.184	90.41399999999999	90.24799999999999	98.906
98.76599999999999	89.322	90.526	90.252	99.06200000000001
98.846	89.36999999999999	90.106	90.50200000000001	98.94
98.94800000000001	89.556	90.446	90.194	99.09
98.968	89.61200000000001	90.19	90.288	99.128
99.078	89.29599999999999	89.816	90.456	99.14
99.064	89.89	90.564	90.194	99.268
99.152	89.73400000000001	90.776	90.86800000000001	99.198
99.178	89.456	91.086	90.974	99.332
99.104	89.506	90.72200000000001	90.50399999999999	99.274
99.148	89.644	90.598	90.41	99.316
99.21799999999999	90.202	90.53	90.632	99.362
99.19	90.302	90.66199999999999	90.852	99.35199999999999
99.3	90.006	90.708	90.948	99.372
99.20400000000001	89.90599999999999	90.86	90.86999999999999	99.37
99.36	90.298	90.892	90.89	99.51
99.374	90.18	90.968	91.312	99.456
99.41	90.44	91.266	91.158	99.528
99.406	90.41799999999999	91.122	91.338	99.488
99.414	90.298	91.434	96.382	99.504
99.41	90.572	96.452	98.13	99.53999999999999
99.478	90.726	98.296	98.748	99.592
99.408	90.782	98.776	98.966	99.574
99.44800000000001	90.548	98.9	99.088	99.58
99.482	90.566	99.1	99.232	99.616
99.536	90.712	99.212	99.322	99.59400000000001
99.57000000000001	90.512	99.328	99.382	99.572
99.512	90.388	99.45	99.48599999999999	99.606
99.532	90.77199999999999	99.414	99.44800000000001	99.59
99.514	91.216	99.514	99.494	99.642
99.572	91.172	99.53999999999999	99.534	99.64
99.51	90.986	99.598	99.568	99.61
99.55199999999999	90.66	99.574	99.59	99.62
99.496	90.742	99.634	99.578	99.622
99.528	96.002	99.64	99.644	99.652
99.58200000000001	97.99799999999999	99.588	99.698	99.648
99.616	98.538	99.678	99.666	99.664
99.598	98.888	99.726	99.728	99.71799999999999
99.602	99.03800000000001	99.71	99.666	99.67399999999999
99.58200000000001	99.058	99.726	99.688	99.70599999999999
99.61	99.256	99.71	99.69200000000001	99.698
99.638	99.31	99.734	99.738	99.688
99.65	99.328	99.71799999999999	99.734	99.666
99.664	99.456	99.714	99.72999999999999	99.678
99.64	99.476	99.762	99.754	99.766
99.68599999999999	99.52600000000001	99.774	99.8	99.696
99.658	99.574	99.79	99.80799999999999	99.722
99.598	99.6	99.79599999999999	99.81	99.75
99.658	99.612	99.792	99.79400000000001	99.712
99.646	99.58	99.776	99.79599999999999	99.77000000000001
99.61	99.634	99.77000000000001	99.81	99.746
99.626	99.646	99.816	99.82	99.756
99.69200000000001	99.64	99.822	99.79599999999999	99.724
99.682	99.688	99.82	99.812	99.7
99.644	99.70599999999999	99.83	99.824	99.744
99.67200000000001	99.728	99.844	99.81	99.702
99.652	99.74199999999999	99.79	99.81	99.786
99.728	99.754	99.82	99.816	99.822
99.746	99.756	99.856	99.834	99.846
