1	2	3	4	5
3.5913702368431397	3.5759495883951393	3.5594344035438876	3.5677329280492285	3.568771401939489
2.876588465917447	2.826906576790773	2.7861733235361656	2.787345016094122	2.808298141450222
2.4301768898049287	2.3888136346626734	2.3398601966135946	2.3486094517476106	2.37305896483419
2.133198034427966	2.117916401085037	2.068554876100682	2.068106897346805	2.106660716369025
1.9352670334794033	1.9313693814875226	1.887631408088958	1.8891575857806377	1.928484512107146
1.7976512040018735	1.7893633747954498	1.7644245112338641	1.7617044897030696	1.7996394765346562
1.7009952830536594	1.6898530383244197	1.668709862872464	1.6656054767501325	1.7004801220906052
1.6201453782103552	1.6113807984325283	1.5914631658197964	1.5909949397796872	1.6189947018537985
1.5577693519080078	1.5500729288286577	1.5287763127280627	1.5350895086517722	1.5517434110421968
1.5102798707040062	1.5013147775474407	1.485863271271788	1.487992202534394	1.5073257983493071
1.46702400772163	1.456482500981187	1.4446938138483751	1.4488596349116185	1.4596271185618834
1.431391373314821	1.4243499927813434	1.4085197604220847	1.4074619130405321	1.4245729739098905
1.3987813187987	1.390349489953511	1.38305033198403	1.3796636835693388	1.391021705344509
1.3771757167928367	1.3695140735572566	1.3617394516230235	1.3571621444828983	1.374695763868446
1.3606324070859748	1.3523074083620947	1.3407833115828927	1.3370862882155599	1.3536117354317398
1.3511609832953921	1.3461152193186536	1.3361548478036285	1.333686544157355	1.347355501731033
1.3293465217361042	1.3199605100295133	1.3128340268683862	1.3141566353380836	1.3297510604419356
1.3278398507696285	1.3233102425894772	1.3118442141491427	1.3119191641697807	1.3227659030948444
1.3194649847572124	1.3120448250904724	1.2989612976303486	1.3017099458543233	1.309453892280989
1.3172764689721106	1.315140549484116	1.2984343102520994	1.2964730677397367	1.3033837272078186
1.3101293766285143	1.3016690360310752	1.2942821760006877	1.3016913238998578	1.3067370198876653
1.3015028872453345	1.3001676761280847	1.2894653499583766	1.289968705848051	1.2991507266793425
1.310420361931062	1.3026058088483092	1.2919300629964565	1.2914099056092678	1.3006118758560146
1.3073623726130135	1.3045874895037284	1.2895115943211122	1.294187172294578	1.2974063142791126
1.3095476179171708	1.3032321628097376	1.2848377608887076	1.2954921295575772	1.2882139252884617
1.297307932773208	1.2953689732514995	1.2810291222599166	1.2967827051801748	1.283942383878371
1.2976183610803949	1.294870399148263	1.2775620725148773	1.0147421725875585	1.285614841124591
1.300636251259337	1.299158127716435	1.281148473929872	0.8603623469772242	1.291961862912873
1.294152658308864	1.2859673737869866	1.2737703951423434	0.7951981504554947	1.2878190135711902
1.2974230785808905	1.288088515591439	1.2742241203327618	0.7466703234121316	1.2916018261628985
1.2960792584797305	1.2922405620365185	1.2747042273621425	0.7168714673927679	1.2879253564893145
1.2983765108201202	1.2872959976001153	1.275571034387555	0.6873505610944056	1.2923768203886568
1.3063160513368106	1.2927399340188097	1.2819244700014738	0.665539730006777	1.299126054015002
1.025533516083838	1.287975835678218	1.2817283201095697	0.6441612252036636	1.2888317022787021
0.8791935642052185	1.281641304950276	1.275634909834704	0.6287072919823624	1.285699959301278
0.8164725396639246	1.2964400031682488	1.273719186673078	0.6164990883044275	1.2757960993920447
0.7722928799936531	1.3019062942251218	1.2761949947118143	0.6044508833104691	1.0036919709971497
0.7442995335744772	1.0292805587239264	1.0059125738985395	0.5996613372927124	0.8652285448730443
0.7137909353236709	0.8825438752808539	0.8619418796675886	0.585903479620014	0.8004541115077862
0.6974334111603935	0.8233735599481237	0.8066263889412747	0.5865519087180451	0.7660363630565544
0.6731850097856251	0.7774105811362987	0.7552128046979687	0.57488133466762	0.7301486137577948
0.6593843724416649	0.7434952592910705	0.7269516233592999	0.5690018311333471	0.697537870815648
0.6477997257276572	0.7187718038668721	0.7012498913823484	0.564067198873481	0.6819840797682856
0.6379626738598277	0.7009127854996016	0.6813197483492014	0.5610147345706327	0.6662928170865148
0.6308976702982818	0.6827534347239054	0.6677686171153621	0.5545888789322065	0.6550087665048099
0.6225040727259252	0.6689548035107005	0.6536227530987978	0.5501667640703108	0.644044834634532
0.6125057754309283	0.6527238809848985	0.6379333053860824	0.5463953274290275	0.62847617238074
0.6097877764183541	0.6460511454993209	0.6259741252645505	0.545341195810176	0.6198440575996017
0.6034587668945728	0.6355617816186014	0.6223234275875191	0.5405917618890544	0.6137554519774057
0.5999103119153809	0.6300836812199841	0.6149983370243128	0.5329814730855201	0.6103484194601887
0.5904164067314711	0.6202839646497953	0.607474492867585	0.5253568144558034	0.6040598832432879
0.5884807430722224	0.621616173811886	0.6000540567481001	0.5266008890040995	0.5955457643932089
0.5811948315109438	0.6141805084769982	0.5971576660642848	0.5289831153114731	0.5968563597068146
0.5849093345120129	0.6084001336408701	0.5939424988406398	0.5212284439360092	0.5944200639072282
0.5845508494645434	0.6057599664039321	0.5921508069995722	0.5232355096151148	0.5891176229700097
0.5767004499045177	0.6021352840963838	0.5874092890630903	0.518086853996872	0.5863531384321735
0.5717902079110257	0.5920920240147339	0.5873607266741938	0.5109602294462107	0.5784201168495678
0.5691403146747431	0.5947168640163552	0.5799877120710702	0.5098751717058896	0.5737310576316956
0.5693350370277831	0.5958115919624146	0.5816592702932674	0.5075805599579729	0.5786363595282029
0.560101181344913	0.5852254834931218	0.5718706912549256	0.5011094291039442	0.5712499356330811
0.5651696819021272	0.589064114081585	0.5743315328112648	0.5045243792064352	0.5737779759385085
0.5530707187512338	0.5804942547512785	0.5684408775680815	0.49857298865952454	0.5698226489831721
0.5570173739167428	0.5817526443992431	0.5701788063244438	0.49534676584136406	0.5640893258402111
0.5534138336510913	0.5776470429299736	0.5643317998980009	0.4928826990792209	0.5649979434659718
0.5479095414318997	0.5761239614023272	0.5727158201777417	0.4879533316168331	0.5644410174063702
0.5440485121496498	0.569475132181212	0.5628011581080644	0.4848370212118335	0.5590400270488866
0.5431735586479801	0.5687833534329753	0.5532737269121061	0.4838240571948877	0.5556177584563982
0.5390010620931832	0.5772558180115102	0.5587283842398997	0.47936163937954035	0.5551127048252181
0.5396606464825014	0.5650457835868187	0.5615019329521058	0.47622913777675785	0.4153803496257119
0.5264322237133071	0.5576238418021777	0.5475715933096071	0.46919530988349306	0.3436947916551016
0.5255902779224281	0.5597110979087517	0.5488078566768284	0.47100657110324007	0.31531218349781165
0.5243262582270387	0.5519872602751803	0.545744479312312	0.46474201912465285	0.2966271400299218
0.5281649287551871	0.5527972922758071	0.5422577333572273	0.4620470339837281	0.2820610516059123
0.5201499829511811	0.5578573386535011	0.5534808225643902	0.46497153580341194	0.2702718994120501
0.5153578008379782	0.5547573660188326	0.5437826093505412	0.4605166420454867	0.2615852330804177
0.5190896483333524	0.5477612036115986	0.5367706673377007	0.4562570394762337	0.25135801465767427
0.5150834803690992	0.5399375156978206	0.5404709273439539	0.45374255816040093	0.24294751985451152
0.514405348721673	0.5413738800131751	0.5305324180809134	0.45311363029967816	0.23603773982171194
0.5064847665217226	0.5348975839059983	0.5249496221237471	0.446611782931306	0.2278814555129126
0.5006418016255664	0.5356962755513008	0.5281690074812113	0.4489927942033316	0.22176969299078614
0.5049940048123873	0.5325890466227858	0.5207868376961143	0.4498875158674576	0.21575303143247632
0.5007594107362011	0.5306010933788234	0.5194899759176748	0.2968685895661869	0.2119208376121034
0.49914926785947117	0.5321708606637043	0.5198777038270557	0.22169724095355525	0.20702820719050635
0.4941609264029869	0.5238304477366035	0.5178063205440943	0.19639682422970864	0.20237088504502235
0.498907562945505	0.5235111932925255	0.5126770900948274	0.18201961029139938	0.1995326977632845
0.48801895953200336	0.519182406651699	0.5096785430713078	0.1666581762759275	0.1934331404735974
0.48213580426047825	0.5166311196963803	0.5111639065205901	0.158824730254805	0.18886474845811857
0.4831731062563484	0.5185245662698966	0.506025841778806	0.15158591428985976	0.18772012254466183
0.48876815988584565	0.5140006450740879	0.5032686761120703	0.14586817730418256	0.18349327989246525
0.48107759170520037	0.5103359476227286	0.5004261738199102	0.13945483370586426	0.17907737132609655
0.4759832680835139	0.5138259054449817	0.5076855155055785	0.1354262350541552	0.1808884150308113
0.4765401733348437	0.5075238642790122	0.4997881349852628	0.1300698988273016	0.17516912716200286
0.4748685275349775	0.5022617891773846	0.35312074708664215	0.12775470287827279	0.17409595191631178
0.47824104156945363	0.504559647777806	0.2803029615784547	0.12476159209180675	0.17151386599482782
0.4680279270005044	0.4958382522511053	0.25265065754008725	0.12112457049853358	0.16948870569467545
0.47273799273973865	0.49122998469016155	0.23336760006139956	0.11859895877749725	0.16835639475251696
0.4721788072677528	0.49994021227292695	0.22046395438863817	0.11861327481086911	0.16502521693935177
0.468212455511093	0.49296347998901996	0.20948229150851358	0.1156788797253538	0.16416887247272768
0.460979564186862	0.4957835792428088	0.19976650182243505	0.11314682030807367	0.16111643328462416
0.45627781337179496	0.4892886838949551	0.19079197457303174	0.10998828890149853	0.1578291272339614
0.46107558330611503	0.49242953418770713	0.18543400552571573	0.11083479136076124	0.16036139691577234
0.4577664437958657	0.49115842664638165	0.18375630543360005	0.10956016236254018	0.15783062558192426
0.45796665808428877	0.48348039876469534	0.17642638677983633	0.10766022404670103	0.1561156255967172
0.45327857632161417	0.48863431841821037	0.17127542978967247	0.10482538097045005	0.15636402606735453
0.4560770403088816	0.48117518745115023	0.1645095196869366	0.10395201772946835	0.15127620005699066
0.44585524030658635	0.4836914097256675	0.16184327408404614	0.10259034948618814	0.15139146665554223
0.44926737275574846	0.4846529552851184	0.15959533399252038	0.10280152635120064	0.15168427292953057
0.45332269793581176	0.33428846379680094	0.1553560038242498	0.1018773351255281	0.15077402759009925
0.44607048296867435	0.25755245476732413	0.1528412225034536	0.10020195381225223	0.14875437319278717
0.4346962936241609	0.23194596533427747	0.150009409717434	0.10026816096718962	0.14998710126904263
0.4387416027086167	0.21427374003488373	0.14707845769574882	0.09932816779369595	0.14676210587210664
0.4398174928429796	0.20072468924705336	0.14567256274887969	0.09977216623209018	0.1482527905222401
0.43810500322705337	0.1914676885165827	0.14254601699921798	0.09839567652596237	0.1452566372883289
0.4443656190124624	0.18232405753544229	0.14098778460412978	0.09780230449364924	0.14579157714191315
0.4360727370547518	0.17605116639448248	0.14069638586105312	0.09842262884883012	0.1464213235946872
0.44359943354526116	0.17011630824764673	0.1410750341423028	0.09709241399374764	0.14583844255151038
0.44721352223240196	0.1631129920825628	0.13505350306744462	0.09678222524845388	0.14324044434310837
0.438541364791753	0.15942373446872457	0.1360058486271087	0.09675575193503622	0.14218673445379643
0.4355586962321834	0.1538150725729021	0.13395002328069	0.09762418309174242	0.14330221177138322
0.4379807306677485	0.15228245443547775	0.1317086506949362	0.09624867288924546	0.14032882486310466
0.4282728818523916	0.14703344784276862	0.13070682990733923	0.09582001613000474	0.1394851227741109
0.2830147039326254	0.14462122082938927	0.13015451461381608	0.0942758607589985	0.13699509058614512
0.21181115184141242	0.14204936960469108	0.12916581319344936	0.09528099699779548	0.13945927928247112
0.18516687235182808	0.13767969979883146	0.12747164108716613	0.09364091384860558	0.13805873724429504
0.16889525848962464	0.1376696988711576	0.12670014905350274	0.09417635385337689	0.13799673928629105
0.1569718154113921	0.13512647723602825	0.12388718444520555	0.09409131075415171	0.13565436400034858
0.14889523348844885	0.13255687818274173	0.12537316781709265	0.09356771606732824	0.13794645604193972
0.14276146816323154	0.1308512856702669	0.1251693454659198	0.09396419739898516	0.13693768632076583
0.13528650581760468	0.12872291388718968	0.12142557746080491	0.09242263426789846	0.13671042964510283
0.13176518779657678	0.12685403062025913	0.12276443038755064	0.09234129052485347	0.1363617831941152
0.12796610429921101	0.1271900312065164	0.1250752503495386	0.09440091795399977	0.13764957628210492
0.12425356874685463	0.12594190542883887	0.12194994111042803	0.09353868544216043	0.13651823521117726
0.12132311435154339	0.12307731727200089	0.12143326745085099	0.09411398579588029	0.13448746772983172
0.11904510798509159	0.12265829080739596	0.12139030218200611	0.08807898903518079	0.13658844948272256
0.11622724948865372	0.1237528530113837	0.11964566468277853	0.08547009397155185	0.13616382343994685
0.11515685340480125	0.12094319541283574	0.119321053080699	0.0846144629980597	0.13570966643979182
0.11247215227550257	0.12182273359402365	0.11970387086691454	0.08357656359329553	0.13531139108073684
0.11163757753837136	0.11958014860253816	0.12010859587537058	0.08381287850763482	0.12106673425192108
0.10936657775698413	0.11945578787485353	0.11886356218391674	0.08341567108736317	0.1130108886095873
0.10901748550974806	0.11789514240630147	0.11673270457464716	0.08357185435950609	0.10850641297181235
0.10647260698744702	0.11757100251553307	0.11876789943488958	0.08374501302685886	0.10712688513424087
0.10460655252113366	0.11690645714473845	0.11763072701747462	0.08185500870732712	0.10575893344095595
0.10491884677001588	0.11501179431634184	0.1172351774276065	0.08189449689882189	0.10415041547678315
0.1026040296953963	0.11670115344283528	0.11754567063677952	0.08224009558596575	0.10331328613373932
0.10237981538143001	0.11420598353647518	0.1171479668382489	0.08223240531009171	0.1032216155620487
0.10062980737603837	0.1140970417567531	0.11502585300932766	0.08187503530584328	0.10230913822112789
0.10013193183619047	0.11329579938326959	0.11639451054508423	0.0804725709892905	0.1005448331041714
0.10008812835797327	0.11263036672645219	0.11661261907014091	0.08169132647345134	0.10071082872426725
0.09862750869654016	0.1111829673199702	0.11489766115880076	0.08077924327014964	0.09880363001771592
0.0980991337095837	0.11058857156645002	0.1143503583338864	0.08130793342047642	0.09934049408377897
