1	2	3	4	5
4.194597707684997	4.162889743400052	4.181676957308483	4.153568862344303	4.190444535916419
3.7929951412903358	3.7369145840939986	3.7709532125526692	3.7624642757503586	3.783725318396486
3.5000559478769495	3.443227360010757	3.4817444198881566	3.4747629842489864	3.4687565665720665
3.2674297432765322	3.223345838849199	3.2525796652449963	3.2505594653546654	3.24790858246786
3.102004742073584	3.07119365970192	3.0787487261740454	3.086094535525192	3.0829280843515208
2.972616905446555	2.9474335826571325	2.944149767956161	2.9491429755754788	2.9431355304425346
2.86181290741162	2.8542415053033467	2.8463609364941287	2.8515931419704295	2.8401524234000983
2.774460071797873	2.7770397230182464	2.7644615417246365	2.757741723828912	2.748314887361457
2.7027179542404927	2.716927146667714	2.6960920403375663	2.692242881526119	2.6735853624465813
2.6503198396824197	2.6657386259044844	2.644863403666659	2.6394976026871615	2.6167230447539866
2.6097038517827587	2.622872060522093	2.6034228234644736	2.5946583174683564	2.5711576444718536
2.566777651877049	2.580440314529497	2.559073844529176	2.5518420096248633	2.5316415058682322
2.533809249663291	2.5445785973687913	2.5324337458061756	2.5137156470657307	2.4977247044253534
2.50590383000386	2.517583734239153	2.4925589713903946	2.4830342162295698	2.469684883761591
2.47569292768493	2.4896265228691012	2.4697258094387573	2.4581512813372997	2.4375208058320648
2.452849130801228	2.46891538200476	2.441722657674415	2.431191605985011	2.4138181380298747
2.427623156086563	2.439602349420338	2.423200960964191	2.410000623034699	2.397425797284411
2.4074909888265106	2.4249617175372946	2.4032669756418605	2.3977020481968188	2.3770280042877587
2.39210933126757	2.4088133326576795	2.381083503708508	2.374634765298164	2.358797927646684
2.3695254435624595	2.3938806599668245	2.36885529832767	2.360563786743242	2.3401787774946987
2.359269925090662	2.3742709031800198	2.3515041685470215	2.34598786202843	2.330131652105189
2.337890410972071	2.3466744898530223	2.3365488479204486	2.330232495237189	2.3071200548840283
2.3268424330465005	2.3399863529693152	2.323450285455456	2.314664104710457	2.3019997043073013
2.3177147271383136	2.3314329309536674	2.3149615547541136	2.3086518503515925	2.2921499199879443
2.30023694221321	2.3146321364985707	2.2971371683623176	2.291414963314907	2.275962471657093
2.2804061098171915	2.3062000439295076	2.282733531864097	2.2807308682395377	2.2626020371761477
2.2776475044162674	2.2932940066013203	2.282397567768533	2.2746824382820994	2.2605840732984217
2.2604869601061863	2.2834772450844643	2.2632790636223605	2.2632984861998313	2.244719938244052
2.2504692242273574	2.264592729870923	2.251013363108917	2.2541114192484573	2.235128238073089
2.249400745877217	2.2609793453875118	2.254552311604591	2.2470670627511087	2.226811685220662
2.2364487721182194	2.253712563868374	2.2401113906479857	2.2400647529860582	2.22452066316629
2.231756847837696	2.2460837309317836	2.2322735896195898	2.236947983732003	2.21160472750359
2.220755832274548	2.2389847171276105	2.2215066541491253	2.2245238217551395	2.2048413457772917
2.2210621352085984	2.2390630269599376	2.22615899637227	2.225779053195359	1.979792096730694
2.209935541957846	2.2287612031487827	2.215100604249999	2.216544698876187	1.9113470312884384
2.2012256582069907	2.217089444170218	2.206771855464064	2.202224546381276	1.8844245251487282
2.19736066986533	2.2126011735642965	2.1985844404191326	2.2047479606955243	1.8691477123123903
2.1930514293558447	2.206308715483721	2.1967893988275167	2.198043179938861	1.8554687189019239
2.1866348646485894	2.202180735900274	2.1895844186358455	2.1890753254561166	1.845045976016832
2.189103555496392	2.1971051040512832	2.18874845968183	2.1885143439178267	1.840474109210626
2.1753465742101445	2.1844302705486682	2.1753903853009104	2.181139795676522	1.8232629802220914
2.1730856596661363	2.185660757981908	2.181479587274439	2.179651285376392	1.8208303137508506
2.167102834147873	2.174745527069891	2.1738572837141774	2.1762180483859512	1.8150781966231366
2.1672217714817035	2.1782646407861534	1.9420930095340894	2.1747906799511516	1.811815094155118
2.1559416775203415	2.1662906051596726	1.866104775682435	2.1626142226826506	1.8034536795847873
2.1540711227890195	2.1661953669984655	1.841538474382952	2.1615062528254114	1.7967868229312365
2.156361324402988	2.167507600601371	1.824766297779425	2.163464481568397	1.7974879034339932
2.152726773715692	2.1572636240888423	1.8140718644232394	2.1559643285048904	1.790504813194275
2.1559831702800687	2.150547611134133	1.7990595843176103	2.153195448543713	1.7896298737172276
2.1391740753827504	2.1451700691067046	1.7884684987080377	2.139477630100591	1.6919189920205902
2.1418185072481797	2.1519368859508146	1.7848028920190722	2.1428718920558922	1.6664106745244291
2.137638651501493	2.1462806185797962	1.778307565337863	1.9079584243047574	1.6588999795181976
1.892720242290547	2.141519801391056	1.7712152931086538	1.832760460236493	1.6522362378552142
1.8206773224998916	2.135832717961362	1.7685752125347354	1.8081983809580897	1.6461388046479284
1.8008807281703905	2.139409501839173	1.7638628723676248	1.7933933003174372	1.6400339344273447
1.7855875110992074	2.12961849928512	1.762297800434824	1.7815538562472226	1.6368540994956366
1.768307688291115	2.1361228678842332	1.758704758666055	1.7738159602255468	1.6406545730503017
1.762439911017942	2.1322908785641967	1.757262212541098	1.7653474085166325	1.6327939545711894
1.7536560614090748	2.121122224556514	1.7562598313212088	1.7575157179551972	1.6337673554335104
1.7400134039656872	2.1200714882682363	1.747100492572541	1.7499611173444398	1.622931469431924
1.7392975747432857	2.1219180642491446	1.6532507790324016	1.7507136886382044	1.6264930347652384
1.7394645354327047	2.1222262864222605	1.623508273792997	1.7426248733954652	1.620219653219822
1.7332047132579862	2.1208991330602887	1.61637589083913	1.7387346385994829	1.617870855209467
1.7260606868187787	2.1150794742662264	1.6149430137765979	1.733302834698611	1.6140689090694613
1.7233733597313972	2.1086277159888405	1.6087030193689849	1.7299318664214196	1.609833538989582
1.722147063526046	2.107527242901988	1.6055132050038603	1.6456196585579592	1.6076975585249695
1.7194309542551058	2.111469824905589	1.604013471347293	1.6174114598032763	1.6069654939729527
1.6267950580553017	2.1062481125907193	1.5965470545127267	1.6051548347448752	1.6001168394942413
1.5994588261675058	2.1006337279249037	1.5928020266925593	1.5991160076902338	1.5964167099779518
1.594863044941211	2.102615068330789	1.5934065406584677	1.6008392996190461	1.5971889700121276
1.58775218642886	2.1069560843660406	1.586878849722236	1.5960238168916439	1.5940315933788536
1.5766400891496701	2.0962025067385466	1.579889344742229	1.5904007433625442	1.5910174614938017
1.5823421338025259	2.095218503566657	1.565555962455243	1.5880432906358133	1.5932059123388047
1.575941007765358	2.0991737741948397	1.5554594072844374	1.5830598862274834	1.5868463427819248
1.5686478541635178	2.096448508979718	1.5576947342099443	1.5830110680416727	1.583450077134938
1.563717266787653	2.0853875168144245	1.5470424414900572	1.5740921783935076	1.5813110838155915
1.5611855956294642	2.0934280025989525	1.550628339847945	1.5747644029309997	1.578369791550406
1.5648463199205713	2.0948706965922095	1.5539315966389058	1.574423901260356	1.580435483351997
1.5550897722049126	2.084722782644773	1.545993061016893	1.5636923709488888	1.572112859362531
1.548865940869616	2.0829972043976435	1.5408541204984239	1.563398790786334	1.566386189607098
1.551930333952161	2.087087048289113	1.543969421740382	1.5475548261876613	1.5699404767712049
1.5428680004671094	2.0810222753783325	1.5438975095748895	1.5348333315471248	1.5622635375508263
1.54367150248164	2.0800925398726613	1.5408132603711182	1.532491626337058	1.5593954599117077
1.5447078955447882	2.081088997823809	1.5458617512222448	1.5342632873588815	1.5641103781702572
1.5415684899405744	2.0773834648644502	1.5399455554649961	1.5312504106775278	1.558700047490542
1.537194405675239	2.0803997083698094	1.537083192554581	1.526884278373034	1.557031399453692
1.5089862560067326	2.0783300463805694	1.5360301659845013	1.5270333930354585	1.5486194712426653
1.5021305407404604	2.071423451309008	1.531538855999021	1.525066995864633	1.5487692039031198
1.5041951633170438	2.0716962643596544	1.5399074344074017	1.524541591439406	1.5171238028484848
1.5011114040604026	1.8277549237546404	1.5343358684378823	1.5238787597402588	1.5080086687946566
1.5002002746552765	1.7523969436240632	1.5349270004750526	1.524317243215069	1.5025729474509166
1.5037496068593492	1.729480549197673	1.5371926376581801	1.5230140362859061	1.5070808604550172
1.5004536956167571	1.7102071238905574	1.5321337667572528	1.5222574310839325	1.5041419487170244
1.4997528035317538	1.698643784998628	1.5251752238749228	1.5188116030314975	1.4981696255066816
1.495494001661725	1.6893792576192288	1.5219982033190536	1.519180273765799	1.4992311802666505
1.4984226107902234	1.6779890624458524	1.5253043476577917	1.5162834740050908	1.5024070428765337
1.4959813719210413	1.6721825712477167	1.5269429458071817	1.5139909610723892	1.4975469527037237
1.4931585057007388	1.6686551793456978	1.5244906418158874	1.5139218132819048	1.4954088051300822
1.4964484189782308	1.6658505396464904	1.5267094617609456	1.5143620675177234	1.4975735324118133
1.4899870773105666	1.6618207482730638	1.5226470472867522	1.5133194777056989	1.4950015871116276
1.4866626348032064	1.6581107219466769	1.523502246498147	1.5108603796995517	1.4921108276947683
1.4864828961584577	1.6592189061367293	1.5246676133416805	1.5109572904494093	1.49524798295687
1.4869021402905367	1.5686693667145948	1.521792358754541	1.5128176517193892	1.493627740903888
1.4884920111092756	1.5411504549748447	1.5273356355364673	1.5140684269883138	1.4944371341744342
1.486756695810791	1.5361232638663946	1.524363823254089	1.5125239730795945	1.4890783387986584
1.484245530479705	1.5325508480486667	1.5273289223156326	1.5135623579439919	1.4909342121895015
1.4846361668213566	1.525046504367039	1.5234968293353421	1.5111680969862686	1.490342549960633
1.4878172343954104	1.5149777658150332	1.524463755700289	1.5113979138986526	1.4801039024996936
1.4838756127735542	1.5137737266852718	1.522412571760699	1.511678107559223	1.4782665367321581
1.4824838763307744	1.5129425708595146	1.5213841632808873	1.5108162155541611	1.4784995854053344
1.4847932550913234	1.5037967277609785	1.5191418862403807	1.5126822397227184	1.4759285660351018
1.4790879146522273	1.502417483902953	1.519814025715489	1.5065076134698778	1.4766748689324654
1.4827141517873315	1.5004883891786163	1.5178329737290088	1.5112137507904515	1.4775559707065986
1.4810510315858485	1.4981877017204108	1.5188417184688248	1.5106411724139364	1.4734816688405894
1.4875698226797016	1.4984333600534505	1.523569299132012	1.513457722371192	1.4822912905222327
1.4815534551430234	1.4945457268249036	1.5201764231752561	1.5105606427278067	1.4765924596420643
1.480511632416865	1.4867207223497076	1.5198109994459033	1.510500554843327	1.4741546385123605
1.4797859298603615	1.4831931249564876	1.519774352498067	1.5085564958469937	1.4742206667390316
1.4779102674225724	1.4820311627424576	1.5185688096848895	1.5072572365441277	1.475736700970194
1.4841804553175821	1.481925949111314	1.5209605934674784	1.5106005674737797	1.474279718935642
1.4796684282210175	1.4571216554592938	1.51825725818839	1.510694984889701	1.4722239949819085
1.4788941751660585	1.4462197326943094	1.5194149700272104	1.50401798081215	1.4709070292885051
1.4792580885045667	1.446250954857262	1.5200611355969371	1.509491941813008	1.4731819715036465
1.4762090133584067	1.4439287472259055	1.516682183346175	1.5071205720877103	1.4729612541320674
1.4809368028665129	1.450515397064521	1.5248325688149935	1.5139437584620916	1.4794207567449111
1.4839538485192898	1.4489227795539918	1.522794904306416	1.5126531224726394	1.4763311973923
1.4794467297356446	1.443008025284009	1.5223811212403082	1.5121280509797501	1.4720626002382435
1.4815170646018685	1.4432523015819847	1.515799714171368	1.5113427794497958	1.474170723229724
1.4827383399924348	1.4442870601668696	1.5209381568157454	1.5128156318688941	1.4764062867445111
1.4817051274697197	1.4391594347746484	1.520327857998022	1.5106951333677674	1.476100178325877
1.4841898640098485	1.4416512854568793	1.519170216587194	1.5116414164033396	1.4741483579206345
1.4828970356060729	1.4411821276940353	1.5190947961319434	1.5085239093321967	1.4775633814999525
1.4842429685470702	1.4408986992238426	1.5235103914499883	1.510258366079892	1.4721191767841346
1.4783458724960947	1.439056937651865	1.5200370739183158	1.5125222315873637	1.4739191291277354
1.4789867160265415	1.4372085128598813	1.5209060916510388	1.5108813913277046	1.4735125574614398
1.4796416741197984	1.432404461114304	1.5185713289338914	1.5094500255706662	1.4719914197921755
1.4824834025424454	1.434283797698251	1.5212325321134097	1.5115133514794559	1.4717434806287124
1.4788096893169085	1.4325095851098175	1.514706369556125	1.508078534279941	1.4685787913744406
1.4840859924740808	1.4302492818564103	1.5188331174118739	1.512070232035253	1.473832493852777
1.4803693672580178	1.4309686477226973	1.5174817554176308	1.5097416419812175	1.4683638798916114
1.4788324357298626	1.4313892351696862	1.5202787846250603	1.5109049630591949	1.4701521954573036
1.4763117559120786	1.4251447824565953	1.5186720440149901	1.5077133529326494	1.4697223563328425
1.4795553217763475	1.427940460117272	1.521539189626493	1.50996735669158	1.475060818750231
1.480337647830738	1.4295646007103675	1.520243546846884	1.506240692285016	1.4696760467251244
1.484753886756994	1.4324115959884556	1.5212339812227538	1.5148321682839747	1.472235587246886
1.4797726418356147	1.4253981339047326	1.5164736661764664	1.5087792946554501	1.4673332829609556
1.4815430336291224	1.4327849786909652	1.522730743488693	1.512295992173197	1.4722630203227542
1.4839935394199313	1.4295792741238913	1.5234534697764366	1.5114922471668417	1.4728857647732398
1.48010437110501	1.4294747074546719	1.5188863442072185	1.509351548941239	1.4711986493576517
1.4812936368195917	1.430046494049794	1.5194220366075524	1.5114428789719283	1.4722218248240475
