1
5.004803653482669
3.83186880889591
3.4159169851364055
3.1803955677625138
3.029326364948801
2.929677131125987
2.8602791319360206
2.8070950255884575
2.7636406185862668
2.7318610317938106
2.703641415309236
2.6792191111243637
2.6556821071303665
2.6406962492963713
2.623163061137183
2.6123758871834113
2.603407718168272
2.594245961722316
2.5856359646155864
2.5768720976122625
2.567555151404918
2.5606213056957747
2.5552305864049236
2.5490448800238505
2.5461346301165513
2.5403716542742263
2.5396085298263684
2.534872842716299
2.533350204266273
2.532762300610889
2.527810726191974
2.5246519260115914
2.52270163926451
2.519558596992102
2.5144328837151737
2.514632599765829
2.5153190689725173
2.5125816823242775
2.513207481255173
2.51092046037183
2.5072570201757416
2.5072688818811577
2.50748294263215
2.507227312029899
2.504829109203334
2.5066025432887673
2.502723369243497
2.50546173638517
2.503091158102336
2.5006569931199785
2.499097902505664
2.4992827234925548
2.4972579872572513
2.500358321545249
2.4988913913349586
2.496246808046814
2.4976591287435794
2.4972654380283825
2.4976426498992454
2.4927980855866556
2.1175275540137526
2.035976289940637
2.0150413785066568
1.9967979308013044
1.9911841142546731
1.9905429925356415
1.9882721902607248
1.9900291529806926
1.9928068387162994
1.9962976694702532
1.9978513447197526
2.0013362635265666
2.0050056015814013
2.0056624174951603
2.0082107216328184
2.01301211876112
2.0133483916253225
2.0170195364690118
2.0163794731879485
2.0174490501592484
2.0179170503244785
2.017031437152625
2.0199987260611625
2.01935440511494
2.018052766527932
2.0186205239086337
2.0179601662404236
2.0183772002424023
2.0181577370836066
2.01927658350435
1.8364649066439107
1.794187085206931
1.7815846859634703
1.7719063610940093
1.7624082196366113
1.757989193128424
1.7546267969624996
1.7501304773898474
1.7472473941125604
1.74279318207151
1.7440065278635386
1.7411104652788707
1.7395263243983956
1.738228697972109
1.7374901110237542
1.7365306684782773
1.7375473418257252
1.7341476682421042
1.7319574961771902
1.7356135556509689
1.6769386510034385
1.6686567971518214
1.661598987048202
1.6573617653055959
1.6571472290988913
1.6541126021733938
1.6527626073681956
1.6515841272208325
1.6506828072783264
1.6503784028204809
