1
9.801532509032784
22.553500051125262
28.913248624105993
32.67317999917263
35.21406655026238
36.99330376133635
38.217734300056115
39.147121335469926
39.90205804551632
40.49401834421273
41.01424716684085
41.47890165762933
41.80134205767085
42.12323608085441
42.48493756083322
42.6587634555058
42.79137692431978
42.96731027258741
43.15448337336194
43.29763411015114
43.4708355741289
43.60867865001205
43.707338699794796
43.7846119982797
43.85610931283743
43.929948242500785
44.007377648659386
44.10580353693157
44.063498357357
44.158177661460215
44.194706857107626
44.307416597523975
44.27432177069812
44.35994682972634
44.43675180519011
44.412164846581284
44.51784974168083
44.480540007664885
44.51464953436983
44.51550812657522
44.60402117756701
44.57350212735732
44.59871351666098
44.61596341460559
44.677625945719804
44.67707956886182
44.66802532378683
44.647184949346965
44.70010545073359
44.68550938324199
44.77698848003422
44.720633609826045
44.749201314114394
44.742800899492416
44.73827377695492
44.76192408952151
44.782218087103395
44.79455059332624
44.747640237377325
44.87369718389562
52.10226301489189
53.722114291111154
54.139155941419034
54.49024209958577
54.58851188018423
54.64252513528681
54.662194702173885
54.64104211238659
54.54706529281507
54.52684934907003
54.48758826913276
54.36996113699464
54.34880854720735
54.268803364432586
54.25982717319444
54.16366484619102
54.110510183293826
54.100207076829165
54.05782384341775
54.06305345048694
54.040808106983704
54.055872497496416
53.92591285913546
54.027226739371216
54.03667125363047
54.025197339613015
53.98343853689644
54.05243812867487
53.992492781971436
53.909677661069956
57.721827052991536
58.56988199040406
58.80521430851715
59.03890749605634
59.22373898172526
59.34050752165798
59.432376887634476
59.492244180501054
59.58216220055621
59.61213487390793
59.646400508286575
59.68035392731783
59.727264283266734
59.697916040609854
59.74787049619606
59.811562427068445
59.75192929571242
59.82553406386521
59.86229742102318
59.780497000000786
60.999854039325086
61.16361098904358
61.34649112879118
61.41830065869633
61.39535283066142
61.44460480171594
61.4743433135571
61.56277831071203
61.52382944612217
61.59118990732668
