1
4.997071619729306
3.879144034733429
3.4653158280756533
3.231002147619299
3.080724292654135
2.9814818808844294
2.9127663238898776
2.8597947648712485
2.817019929776315
2.7850068022083025
2.7576679290948847
2.733437498085033
2.7098229815314454
2.694964538158834
2.6777603007220323
2.6668782001013365
2.658569329458988
2.649690018405206
2.64037525203678
2.631775315705834
2.6232679015034743
2.6157845756033433
2.611509741793619
2.6046616267729075
2.602434519621045
2.596294644329102
2.5957409527871063
2.5911966920970553
2.5895054537337794
2.5890309028930467
2.584049763736664
2.5811954742425924
2.5794105720091207
2.575421416461758
2.5714286983787304
2.5713541711127053
2.572327479377732
2.569326115869276
2.5703037746660056
2.5675596511090224
2.5644760393596138
2.56466246025188
2.564530086541165
2.5646740099052203
2.5622699964534528
2.5641390207645007
2.559942186581386
2.562815967401652
2.5607717539523374
2.5582021779232824
2.5561488232531766
2.556826609117045
2.5555576426642146
2.557440227156986
2.5569296410986397
2.5544584968349775
2.5556707061135007
2.5551569813376815
2.5553909522312828
2.550963611631384
2.202621551112579
2.113572581235933
2.093804836463738
2.078166696682321
2.072446101004772
2.073451741556294
2.072744856645301
2.074006212329296
2.077404712058688
2.0814263211859085
2.084370702689704
2.087187711413677
2.0916452699607953
2.092854454348248
2.0941327875668065
2.099382195284548
2.100613703653888
2.103186778362462
2.1036208192785204
2.10395720600486
2.1044616713509567
2.103191506541084
2.106354574687943
2.1059913959655585
2.1042874500348865
2.104254637302825
2.105314479460136
2.10429891089459
2.104409765446944
2.1049405424387664
1.9481022686748697
1.9014930834779775
1.8860171143587132
1.8737622958796796
1.8652388953781458
1.8601516055774938
1.8550884201690945
1.8510700656341197
1.847026459689622
1.8454896713231992
1.8446379326082942
1.8410241842865331
1.840270135702781
1.8394343843112355
1.837717519154202
1.8366421157306263
1.8358355294336237
1.835157690824684
1.8335889939661623
1.8345256906170262
1.789683755353971
1.77816254886595
1.7709983104235159
1.7666897889141109
1.765080203078726
1.7625120789497393
1.7607137946577547
1.7584268402505476
1.758758208599244
1.7569966438290563
