1
1.6568996375783935
1.287575295361716
1.1338865606071402
1.0381134617359142
0.9710921907363961
0.905691929485487
0.8653506932356172
0.8297741803366817
0.8098619522341075
0.7914669030462688
0.776441689494931
0.7674289374705161
0.7591533309510905
0.7520875099979699
0.7441931591009548
0.7433298882621021
0.7322054586142227
0.7247557512024786
0.7153526985126993
0.7142393396943431
0.7115030576810814
0.707466759797557
0.7024088960779291
0.7006629338044951
0.6986722376035612
0.6936501499332126
0.6925229319678547
0.6823292209211819
0.5507945637873678
0.5211827766407483
0.5072522826511838
0.4953606123357176
0.49612336436196064
0.4909301041184789
0.48865472264302046
0.48414341514677633
0.4807608752604333
0.4790837528455594
0.48227434207106495
0.4780232799251366
0.47303591276068807
0.4183655291262183
0.4015109507019254
0.3950566761862591
0.3920252451201534
0.3856903345078762
0.38814666535695797
0.38680644481993065
0.38181457902921767
0.3834295251485333
0.37616428538509017
0.37446252510065947
0.36891853214834663
0.3712716505807993
0.3693509761939577
0.36348530737792756
0.3650908112297274
0.36260379572658613
0.35987222030796956
0.3619224860921237
0.35749472510022
0.35545616164384247
0.3585395711614651
0.35055554016014506
0.35163803989320125
0.34649991375558525
0.3287727128133138
0.3220056847614398
0.31741994821354563
0.31766965840478684
0.3156618344433168
0.3189066552445101
0.31476714574467507
0.31658689696770503
0.3124199447881841
0.3153815672678104
0.3117472270641794
0.312918951749192
0.3104758365913425
0.3113257195181243
0.31019132010772105
0.3092566847115221
0.31010352033178523
0.3074354785101494
0.30882564141317376
0.3085349563442534
0.3032936329198314
0.3047681291923502
0.30435228191525715
0.30275754935448707
0.3021203350380558
0.30393793302423805
0.2992289661980043
0.30337835543448327
0.30166684735156657
0.3020102961365219
0.29845144117579747
0.2999257529178239
0.2959139255992589
0.2960004663985708
0.29523930445199115
0.2896453272122559
0.2901383943646155
0.2900595639444071
0.2861299782686526
0.2894219913903405
0.2893173343232829
0.28836529505679714
0.28622735931973925
0.2858581813552493
0.28596311628513643
0.2832159267743229
0.2871471101137079
0.28368059627692727
0.28594344869599025
0.28733680547808116
0.2874755721415399
0.2847147879698087
0.2877116071065065
0.2858851313819667
0.28605071045553593
0.2838589015519223
0.2840249266313474
0.28451614623027066
0.2850372297760775
0.28380566435244403
0.28604586978855034
0.28203460936198754
0.28163107818044963
0.2821077897268181
0.2844139421763627
0.2851647763605922
0.2836878007406466
0.28477998241744085
0.28521542414984763
0.28452744573126043
0.28128804575146915
0.2867346019924752
0.2840274503011534
0.28343052815293385
0.28012430370616176
0.2837209570057249
0.28552872822870085
0.2817376620705477
0.2838278434922932
0.28284536233491003
0.28089844250618035
0.28075161126568476
0.2813799064939895
0.28592855287025015
