1
40.1
53.74
59.704
63.378
65.98200000000001
68.54400000000001
70.082
71.258
71.592
72.606
73.12799999999999
73.414
73.91
73.924
74.362
74.266
74.64
74.91799999999999
75.458
75.546
75.542
75.72
75.96000000000001
75.95
76.004
76.18599999999999
76.278
76.658
81.344
82.316
82.606
83.22
83.102
83.27
83.48599999999999
83.462
83.8
83.586
83.57600000000001
83.67999999999999
83.892
85.99
86.522
86.592
86.766
87.066
86.876
87.136
87.178
87.114
87.276
87.534
87.572
87.444
87.724
87.7
87.70400000000001
87.768
88.0
87.86
87.922
87.996
87.83
88.344
88.306
88.446
88.994
89.346
89.51400000000001
89.41
89.496
89.376
89.586
89.59
89.602
89.628
89.68
89.51400000000001
89.658
89.648
89.804
89.836
89.768
89.786
89.774
89.794
90.12
89.876
89.91799999999999
90.05199999999999
90.048
90.01
90.32
89.752
90.014
89.946
90.23
90.176
90.286
90.244
90.242
90.49199999999999
90.564
90.582
90.75999999999999
90.55199999999999
90.584
90.50399999999999
90.63
90.774
90.61399999999999
90.648
90.64
90.752
90.606
90.582
90.53999999999999
90.584
90.484
90.744
90.66
90.768
90.738
90.682
90.562
90.81
90.702
90.798
90.852
90.794
90.542
90.68
90.762
90.686
90.678
90.846
90.816
90.596
90.63600000000001
90.778
90.816
90.756
90.656
90.88199999999999
90.69
90.714
90.818
90.914
90.862
90.716
