1
1.7673661964933591
1.364636983103154
1.2007907650354879
1.0980052972388694
1.03770431517945
0.969071519039476
0.9301367674947087
0.8942985594120172
0.8715393567634062
0.8520719256547407
0.8415231166593258
0.8288139194783652
0.8175460327311859
0.8129842205120771
0.8057817693256663
0.8030923708625464
0.7936606504728121
0.7888082287195701
0.7768016347799761
0.7771982640561547
0.7728090998156907
0.7677546515489175
0.7688375944676602
0.7634165241285361
0.7617356691823887
0.753107700049115
0.7539973016590107
0.7489416846228991
0.6448437191946121
0.6057888408146255
0.5934439261093775
0.5815018516824684
0.5767354804384132
0.5716269414138313
0.569767975288889
0.5610035547362571
0.5603711271987242
0.5589968238187876
0.5564917831317236
0.5576253139301944
0.5507784148158923
0.5125538802817654
0.4974156874220088
0.49267709743031457
0.4892605614784126
0.48418267250365915
0.48313679224085015
0.4806753431287263
0.4783996685081736
0.4761207090009508
0.4733870982971338
0.47090637249410033
0.46575096127627125
0.46727081729323056
0.46461733504939257
0.4598557038227919
0.4606360717655143
0.45805271880705967
0.4562160051082402
0.45526783370300955
0.45197023386540597
0.45069240822511547
0.4505724002943015
0.447831585355427
0.4470411612249701
0.4422091962126517
0.43438543253542505
0.4288540268340683
0.42694576012204105
0.4247229487999628
0.42472301404494467
0.42431901955543583
0.4230507382803867
0.42352820845211253
0.42182139438741356
0.42079136713081594
0.41919710355646456
0.4191031603861953
0.4188360579483345
0.4161180571826824
0.4197411314605752
0.41418418349207486
0.41437327046223615
0.4154557754164155
0.4146848763803689
0.41268567927658106
0.4141688853730937
0.4139357156613294
0.4124827061010445
0.41102608718225714
0.41122609643680064
0.4117878960526506
0.4067825867849235
0.410022393135768
0.4102147823709356
0.40932257187640886
0.4072390301605624
0.40704051711980005
0.4056724578218386
0.4064104256727504
0.40613240277980595
0.40142659069327125
0.40309997851891266
0.4004960041064436
0.39845062735135583
0.4013431386264694
0.4008398216856106
0.4005687207821994
0.39858556403528406
0.3995007916027321
0.39685978570862507
0.3980473740326474
0.3981780999761712
0.3967676103267523
0.4004989792318907
0.3975669020582036
0.3985674197564041
0.39816422337461327
0.39871683213716896
0.3969799029400282
0.39801651711963953
0.398028976243475
0.3984562009954086
0.39863770041624313
0.3983047667061886
0.3983839337173325
0.39924790380555975
0.3973615866945223
0.39711831170884543
0.39500015173726694
0.39807738710547325
0.3995707959622677
0.3988971799383381
0.3971291941297636
0.39679079058834965
0.3978220276972829
0.3960355633817367
0.39618867231756855
0.39911031890708193
0.3966306515819275
0.39627345184535934
0.39804228240876566
0.3993921008561277
0.39744600242056205
0.3974158655652
0.3967749759974078
0.3972784881396671
0.39763326740935656
0.3971005461709884
0.3981363000467307
