1	2	3	4	5
37.696	39.205999999999996	38.698	38.482000000000006	38.775999999999996
52.318	54.908	54.11	54.928	55.986000000000004
61.782000000000004	63.779999999999994	61.742000000000004	62.244	64.4
67.682	69.098	67.02799999999999	66.866	69.52199999999999
71.296	72.274	70.586	70.24000000000001	72.36
73.344	74.178	72.822	72.904	74.444
74.71799999999999	75.618	74.422	74.714	75.968
75.93799999999999	76.47800000000001	75.714	75.952	76.742
76.75	77.206	76.386	76.584	77.412
77.29	77.988	77.19	77.41799999999999	77.78399999999999
77.958	78.288	77.582	77.902	78.208
78.27199999999999	78.776	78.214	78.4	78.99000000000001
78.888	79.096	78.52	78.896	79.294
78.95	79.424	79.056	78.922	79.33600000000001
79.268	79.67999999999999	79.192	79.582	79.82400000000001
79.81	80.146	79.496	79.676	80.036
79.678	80.03	79.642	79.84400000000001	79.822
80.292	80.324	79.88	80.07600000000001	80.33200000000001
80.472	80.186	79.94200000000001	80.244	80.752
80.50399999999999	80.43400000000001	80.07	80.266	80.54
80.536	80.888	80.404	80.472	80.834
80.77600000000001	81.106	80.45400000000001	80.59	80.928
80.72	80.766	80.644	80.61	81.178
80.938	81.072	80.93599999999999	80.888	81.122
81.156	80.906	80.814	80.976	81.45599999999999
80.754	81.13	80.87	80.908	81.422
80.94399999999999	81.472	81.056	81.04599999999999	81.226
81.43599999999999	81.63199999999999	81.25	81.306	81.414
81.35	81.52000000000001	81.24	81.382	81.374
81.44200000000001	81.57600000000001	81.47800000000001	81.562	81.75200000000001
81.486	81.598	86.002	81.61	81.474
81.64200000000001	81.652	87.956	81.756	81.594
81.814	82.092	88.57000000000001	81.622	81.584
81.71	81.792	88.792	81.646	81.946
81.692	81.692	89.19	81.604	81.92
81.75200000000001	81.67	89.576	81.62	81.87599999999999
81.75399999999999	81.89	89.658	81.744	81.718
81.884	81.89800000000001	89.866	81.73	81.75399999999999
81.852	81.96	90.066	81.766	81.788
82.08800000000001	81.686	90.096	86.66199999999999	81.774
86.744	82.06400000000001	90.3	88.32799999999999	82.05799999999999
88.506	86.528	90.342	88.718	81.92399999999999
89.132	88.402	90.372	89.386	81.956
89.43799999999999	89.06	90.58800000000001	89.602	82.102
89.768	89.488	90.67399999999999	89.82600000000001	82.1
90.12599999999999	89.794	90.66199999999999	90.064	82.35
90.324	89.956	90.72	90.36800000000001	82.276
90.462	90.268	90.83600000000001	90.338	82.376
90.77199999999999	90.364	90.89	90.462	82.248
90.764	90.524	90.952	90.71000000000001	86.788
90.996	90.426	90.628	90.632	88.40400000000001
90.724	90.654	90.878	90.616	89.156
90.90199999999999	90.79599999999999	93.54400000000001	91.022	89.698
90.90199999999999	90.95	94.432	90.88000000000001	89.956
90.932	91.042	95.00999999999999	91.122	90.188
90.84400000000001	90.884	95.14399999999999	90.684	90.156
91.132	90.74600000000001	95.338	90.96600000000001	90.36
91.174	90.816	95.49600000000001	91.17	90.63799999999999
91.192	93.306	95.826	91.09	90.824
93.472	94.214	95.98	91.108	90.816
94.308	94.414	96.026	90.998	90.862
94.706	94.704	96.024	90.998	90.964
95.048	94.918	96.356	91.258	91.086
95.422	95.036	96.44800000000001	91.266	91.16
95.312	95.086	96.906	91.164	90.872
95.572	95.32000000000001	97.162	93.886	93.09
95.61	95.438	97.166	94.74000000000001	93.866
95.884	95.658	97.25200000000001	95.234	94.312
95.944	95.64	97.404	95.308	94.526
96.154	95.746	97.47	95.818	94.596
96.114	95.882	97.44800000000001	95.94	94.78800000000001
96.054	95.926	97.5	96.178	95.006
96.22800000000001	96.15	97.676	96.23	95.092
96.686	96.098	97.684	96.332	95.288
97.042	96.092	97.672	96.438	95.416
97.22	96.684	97.804	96.53399999999999	95.45
97.13000000000001	96.894	97.71	96.636	95.49
97.264	97.00999999999999	97.85000000000001	96.616	95.652
97.342	97.14	97.83800000000001	96.74199999999999	95.6
97.354	97.334	97.928	96.788	95.826
97.428	97.32	97.906	96.898	95.908
97.466	97.358	97.922	96.956	95.99
97.49600000000001	97.432	97.944	97.06	95.89999999999999
97.59400000000001	97.406	98.004	96.952	95.922
97.67	97.426	98.066	97.16	96.03
97.71	97.44	97.98	97.08	96.072
97.638	97.474	98.074	97.262	96.706
97.646	97.63	98.04	97.7	97.00800000000001
97.738	97.52199999999999	98.222	97.994	97.074
97.83	97.642	98.24199999999999	98.18599999999999	97.25
97.734	97.516	98.172	98.11	97.196
97.792	97.592	98.232	98.19	97.096
97.842	97.78999999999999	98.168	98.222	97.322
97.752	97.756	98.262	98.272	97.39
97.906	97.824	98.3	98.458	97.5
97.80799999999999	97.722	98.218	98.512	97.366
97.71	97.78999999999999	98.272	98.37599999999999	97.422
97.77799999999999	97.914	98.234	98.476	97.414
97.81800000000001	97.87599999999999	98.184	98.528	97.514
97.892	97.924	98.346	98.53	97.554
97.726	97.97	98.328	98.514	97.556
97.82600000000001	97.91	98.296	98.554	97.474
97.848	98.036	98.382	98.694	97.612
97.892	97.874	98.368	98.672	97.668
97.85000000000001	97.964	98.386	98.598	97.64
97.828	98.092	98.21600000000001	98.64	97.604
97.828	97.978	98.346	98.516	97.836
97.836	98.11999999999999	98.358	98.624	97.726
97.82600000000001	98.048	98.38	98.64	97.672
97.86399999999999	97.958	98.30799999999999	98.72800000000001	97.718
97.852	97.932	98.312	98.602	97.71600000000001
97.86399999999999	98.03399999999999	98.274	98.672	97.736
97.806	98.07000000000001	98.392	98.782	97.932
97.82	98.018	98.334	98.80799999999999	97.92
97.732	97.934	98.316	98.726	97.85000000000001
97.80799999999999	97.96000000000001	98.36	98.732	97.98599999999999
97.718	97.97200000000001	98.33800000000001	98.75	98.054
97.858	98.03399999999999	98.35199999999999	98.80799999999999	97.926
97.804	98.008	98.354	98.85199999999999	98.014
97.88	97.988	98.418	98.80600000000001	98.078
97.86399999999999	98.026	98.248	98.874	97.98400000000001
97.828	98.05199999999999	98.292	98.886	97.964
97.75	98.04	98.234	98.954	98.018
97.762	97.992	98.332	98.914	98.016
97.91	97.99600000000001	98.316	98.96199999999999	97.95
97.794	98.054	98.27	98.898	98.03399999999999
97.746	98.04	98.226	98.94800000000001	97.94800000000001
97.86200000000001	98.138	98.35000000000001	98.99	98.124
97.902	97.982	98.422	98.954	98.112
97.904	98.05	98.4	99.008	97.98400000000001
97.94800000000001	98.074	98.332	99.004	98.146
97.722	98.112	98.368	99.066	98.088
97.82600000000001	98.08200000000001	98.36399999999999	98.938	98.016
97.806	98.05199999999999	98.296	99.044	97.988
97.85000000000001	98.068	98.276	99.08	98.048
97.88	98.02199999999999	98.35199999999999	99.03999999999999	98.134
97.87599999999999	98.05	98.37	99.026	98.006
97.904	98.06	98.346	99.048	98.07000000000001
97.886	98.116	98.31400000000001	99.084	98.07000000000001
97.866	98.096	98.408	99.08200000000001	98.048
97.77799999999999	98.10600000000001	98.406	99.046	98.098
97.83800000000001	97.94	98.26599999999999	99.024	98.10799999999999
97.81800000000001	97.96000000000001	98.234	99.08200000000001	98.036
97.758	98.13	98.324	99.014	97.97
97.776	98.1	98.262	99.026	98.176
97.74199999999999	98.026	98.404	99.09	98.03399999999999
97.85000000000001	98.00999999999999	98.256	99.014	98.05199999999999
97.74199999999999	97.994	98.316	99.10600000000001	98.08200000000001
97.776	98.06	98.288	99.00999999999999	97.99
97.992	98.06	98.22	99.008	98.10600000000001
