1	2	3	4	5
4.584098901285235	4.331322073631582	4.792063831368371	4.517695017787804	5.03250170241841
3.7905938454601147	3.6296815896583023	4.789463055408214	3.8996196616336203	4.060475762847744
3.362896836322286	3.236259421424183	4.310155462425988	3.4253195289455705	3.521812154813799
3.009439080572494	2.9235299237243955	3.843857999957738	3.0974965918704367	3.1987001267845345
2.725423789085333	2.668489953136199	3.488570254172207	2.854836221241282	2.9397084371513107
2.5006139199142274	2.4565110115139066	3.214052328978049	2.6446326632633825	2.7177387143644878
2.313387786335956	2.2911972109314163	2.954884190083768	2.4614966598618033	2.505328868965968
2.162298657400224	2.1447860779969576	2.720006627499903	2.306728512734708	2.31124863173346
2.042825955868988	2.028192685388241	2.5177125290531635	2.1882270175172818	2.167254063784314
1.9216917082476794	1.9175688284437367	2.3463882619462626	2.0610841549266024	2.033637468467281
1.8168060797864527	1.8060420821694763	2.1936934006488555	1.9520350978197658	1.912724775731411
1.7275935920608003	1.71927497880843	2.066523437914639	1.8577602010248868	1.8131928559764265
1.640786848104824	1.6376492794212485	1.9584440541694232	1.7725266306601528	1.7267150369751487
1.5692655585915838	1.5634994464152288	1.854180854604677	1.6954259034008012	1.6437086613891676
1.50146736787713	1.5056665483338145	1.761555535714035	1.6202682887806603	1.571314477859556
1.4413651755398804	1.4419754347228009	1.6895492241510663	1.5571121925588152	1.5010648413997154
1.3924196309140873	1.3962313598379152	1.615037233628275	1.5046081597847714	1.4534685700140955
1.3375824074001268	1.3413719560789026	1.5484792402638197	1.449829268943319	1.395754669023596
1.2789891941468114	1.2906768887549114	1.4768854724171836	1.3937620583092765	1.3383020723567298
1.2460587097860654	1.2564030937526531	1.4363643830389634	1.3512281848646488	1.3026334836964715
1.19740463034881	1.2074242932412316	1.374725998057735	1.2964991991172352	1.2517517221248373
1.157250081639155	1.165885459431602	1.3210790687814689	1.2490285686824627	1.2062791259697316
1.1168145607499502	1.1265517808592238	1.2742565108077297	1.207094094637408	1.1599700103330495
1.082926229595223	1.096332951579863	1.2287225273564037	1.1729820469761145	1.1237790061689712
1.0375457485313613	1.05170748163672	1.1764444620408057	1.1226383217460358	1.0752512308032909
1.0080625436190145	1.0179050297993217	1.1344334906934161	1.0812661708773237	1.0471862926507545
0.9733174903618401	0.9892860573271052	1.1014102906217356	1.0589880952444841	1.0206949915117618
0.9513124274780685	0.9727543606172745	1.0689760845945322	1.0258163921058638	0.9902634323405487
0.9112026581678858	0.9267006973781241	1.0150043072602928	0.9815403689508851	0.94919504015647
0.8962826323326283	0.9049611855345914	0.9891307334155987	0.9556201126264487	0.9324408665947296
0.876424209236184	0.8845463844821276	0.9628175530592192	0.9362662702875063	0.9095507779389691
0.850414117964942	0.8545010166095044	0.9290048896199296	0.8975190912061336	0.8815225128017723
0.8237442726369409	0.8420653823391555	0.9065327449222971	0.877635970902261	0.8613021352406964
0.8188258280687017	0.8341967180714278	0.8881481135897626	0.8689078191662076	0.8473410251195472
0.7992855307391238	0.8023884808620831	0.8594563175040437	0.8538202670833946	0.8151165027447673
0.7782446444796779	0.7893286739163996	0.8454219375729861	0.8184045557018436	0.806252718886451
0.7690181867850714	0.7765306658909451	0.8206801903827112	0.8048889196437338	0.801055988997145
0.7510882999433587	0.7555004038164369	0.8029993552990892	0.7881606340865652	0.7710867496707553
0.7376664498120616	0.7387934096938815	0.7842938163701223	0.7608475696552742	0.7565881257014501
0.7305579774672419	0.7455189507788106	0.7820753004697282	0.7633420934000282	0.7523592492503582
0.7141082965961811	0.7193687193076627	0.7481781938649201	0.7566635930324754	0.7407347448646564
0.7088458477841012	0.7219000572286306	0.7459189404002237	0.7389760355815251	0.7309772709141602
0.6992754097027553	0.7080814931398771	0.3765591983981144	0.7281302222053108	0.7177565608488018
0.6870722656359758	0.6908095903561239	0.24307930890632715	0.35625976080174937	0.7075301842463895
0.6864871257711255	0.6971409195067022	0.19142785677900692	0.22865626597038632	0.7016718243546498
0.6658536556279263	0.68138168512098	0.15756444484376542	0.17763307582005813	0.683722141911002
0.674863149442941	0.6660353373688507	0.1359114728086744	0.149994491368456	0.6900430220319786
0.6566407933564444	0.6802266546527446	0.12179709074404228	0.13044814757831275	0.6682977357026566
0.6537130553551642	0.651948963437238	0.10785851006388977	0.11565450559872803	0.6626976504350256
0.6496432569935501	0.3061882435437054	0.09689377400728753	0.1030468649380957	0.3143284061109013
0.6544548638946266	0.18694008111267746	0.08794230378954616	0.09454446024906915	0.1939596101222441
0.6400082913201177	0.14525143291486806	0.08295858665691008	0.08698141924522415	0.15074399851091064
0.6209575846372053	0.1211755185785806	0.0757863255089049	0.07851905593901037	0.12501434081465085
0.6278499801597933	0.10425677169543089	0.07327013564727182	0.07419677934302085	0.10907212580980545
0.6329778714862938	0.09127419479096027	0.067193376791218	0.06945567928692868	0.09384381025076824
0.6283709091298719	0.08046799192152675	0.06308118898964596	0.06528724442281378	0.0837322996591058
0.6133719267290261	0.07477909402774116	0.0604419484734535	0.06106540640754162	0.07817667657914368
0.6099157907316446	0.06696135761297274	0.05860970942946654	0.057738187205989666	0.07053204058000194
0.6262723237962061	0.06233549416255767	0.05613711258144024	0.0564485820739166	0.06619908028017832
0.6105280167916242	0.05718086945736192	0.053253219579644226	0.05455292348780897	0.06028322241914546
0.6121857253181967	0.05656828408312917	0.05274971794632389	0.05558236016679902	0.058899933114990824
0.6058647643269783	0.053047629868816545	0.052792694867419485	0.05279515817990086	0.05471026567775579
0.6031807821120136	0.050930738458624274	0.049486342769906926	0.050546459777428374	0.05216986496392113
0.598633356640101	0.047852854356360226	0.04761922004087193	0.04599616555568511	0.04956369610774852
0.5982484066730265	0.046699235906533854	0.047136060502904135	0.048338238388071254	0.04796043271794343
0.5957379379998085	0.045240364139875804	0.046845466479697194	0.04746392895193663	0.04574047028065638
0.5924569302050356	0.04333923851399469	0.04767662637373983	0.04935946735693977	0.04566055407647584
0.5918658653945875	0.041750043154220075	0.04619599687283302	0.04716300608976111	0.04321223827998351
0.5784030829549144	0.034356529431422346	0.046091533473233144	0.044540857719948194	0.042773968385308614
0.26015479628311095	0.03195471988271568	0.04656388129457793	0.04509124543775073	0.041398293174365004
0.14721519519072365	0.030574093484665114	0.046844592151205865	0.045015408521722984	0.034531194488029646
0.10905083971064722	0.029542589650663253	0.04415958190856078	0.04334320513831687	0.030690577414715682
0.09263900470207716	0.02896760973860236	0.04645080330884061	0.044316369268442984	0.03024129391364431
0.07808475884254024	0.028193281996814194	0.0447071588519589	0.046080239536359834	0.028487675535061496
0.07013819716356288	0.027927096633007163	0.04525170423795499	0.04362747779168435	0.028913713915421215
0.06231944938488024	0.027917589201494248	0.04943977362092805	0.04638241968877482	0.026952399965137486
0.056740216682176756	0.027293977592035636	0.05064723835043281	0.04739301717456651	0.02744930728679271
0.052133011362513006	0.026587122608252484	0.051253232514233235	0.04635941307715443	0.026368335765950827
0.04832598821395802	0.026526353405335983	0.05520548431388556	0.033432732772110674	0.025755022635773922
0.045940810261899286	0.026571195925135776	0.057247011091017055	0.026893041151411407	0.025547889016016078
0.041715213538283266	0.025945415439279505	0.06099659714209453	0.025510847506582602	0.025545497532085994
0.04183411144691962	0.025543889330933465	0.06549109053581267	0.02416403787424955	0.025798013421904558
0.039690334464201865	0.025830315973828805	0.04043190424685433	0.02275635342082709	0.025006936229479585
0.037771285199524496	0.025611683840641875	0.029024344995198643	0.02232977773641686	0.02515036529382629
0.0360073061550365	0.025344365302597142	0.02550537784671997	0.021790488320581433	0.02475516720081841
0.03570741956667675	0.025472263965155475	0.023652327192180293	0.02081538411929174	0.024888657219231593
0.034002527889921856	0.02476434588260817	0.0230220994528602	0.02139623242113596	0.02468389649029889
0.03349729146227201	0.024646694583775438	0.020459130149134596	0.020469165671512003	0.02487544932633716
0.031892587595126205	0.024639653494519673	0.01970750564123358	0.01963664598458105	0.024238021015320573
0.03190367497370372	0.025044464946860256	0.01996031067217405	0.01991294146231984	0.024365704911558535
0.0311629807819491	0.024154459262061924	0.018962238655637606	0.01959013838864046	0.024721318574817585
0.03075734795549948	0.024663333797736844	0.01808950677514076	0.019609272075088138	0.02416866665701275
0.025914314448299926	0.024431668798370113	0.018082437293646902	0.019554454728465568	0.02375461046805466
0.02526480850318205	0.023917449723995877	0.018026446985542937	0.019167153245728933	0.024171840771079985
0.02385271050969658	0.02382955428622567	0.01798904730040399	0.01928240866364573	0.023541288112130614
0.02270138050760607	0.023608239872566876	0.01729022054111255	0.018938773118740763	0.023677744214301518
0.023159160595530127	0.02337716817093629	0.016990806007057508	0.018775180306123646	0.023591810618253314
0.022134985798574452	0.022846414495612043	0.017246814854347814	0.018804140870109242	0.02313868653819996
0.022472752143850416	0.023457751607003106	0.016779296085848213	0.019168012644476318	0.023859391913122852
0.021840554416713207	0.023106068491821393	0.01685454296972364	0.018884187221260337	0.0228107481661355
0.021399673531808498	0.02312379007411126	0.016601237146865056	0.018979966064052823	0.02274659588037399
0.021732152499201345	0.023131099184188993	0.016374172156919605	0.018541134112631273	0.022725404032965756
0.021261317700700225	0.022849579272634542	0.016095028032579676	0.018749331102689816	0.022556523999670897
0.02148744877894669	0.02309576899308683	0.016328001037583043	0.018932033916149293	0.02244086478791578
0.02169508053480513	0.022770112413731995	0.01614544964621747	0.018895588920015822	0.022250142925040194
0.021818010055500534	0.0230994748137415	0.01613256340022282	0.01904023459652805	0.022391945247531242
0.02105332748569035	0.02284009181096425	0.016137867203682574	0.018610334514504494	0.022222664240566656
0.021272866965254877	0.022574127092004733	0.016132487217559822	0.018625695548970683	0.022209447124958637
0.021133047292756914	0.022694058282791512	0.016089965074854246	0.018668068101262796	0.022232480956922693
0.02014359090562977	0.022697829100710647	0.01623724424816154	0.01851021844293456	0.02203837381985489
0.02063915526013239	0.02216672199918789	0.015936649630746588	0.01822674370435116	0.021937933743304907
0.021140973814917963	0.023167459446641486	0.016360613267363794	0.01890076936968147	0.022286293399341576
0.020944841158435788	0.022951865916514318	0.016104964868110767	0.0185268308748217	0.02237659973352005
0.020709165602998677	0.022732828908106836	0.016541383774650975	0.01850619418141635	0.022037854737333017
0.02027028533237058	0.02256601130889963	0.0164092861859085	0.018463561006481072	0.02231896372840683
0.020328635802430595	0.022985878036074006	0.016475338169642716	0.018229769485647706	0.02201984839423387
0.020013448865631656	0.022660870533769997	0.01611136384975269	0.01872537884375324	0.022228950806095472
0.019720380025370365	0.02239859586252885	0.016167775025148216	0.018506815299734726	0.021895821280110524
0.020147701677725748	0.02285121552779547	0.01635407295335284	0.018750035535077304	0.021968525889165244
0.01958078471824641	0.022711961518239475	0.016192316041921125	0.018575278503815542	0.021960841677606563
0.01969358168275614	0.022742108458562588	0.016351775752137532	0.01868718809655409	0.022157535795360582
0.019513251907799546	0.022386610779501593	0.016078231689493988	0.018478237997616647	0.021804024453472598
0.019356369972229018	0.022367474115679957	0.016131840989260415	0.01855314865975123	0.021308030642550015
0.01968551968293421	0.02225989638768195	0.016318390126842674	0.018296937875049497	0.022053921785767733
0.019905389874906792	0.022289414439931543	0.01636878328154916	0.018706799306146913	0.021927470793885642
0.0193344553661011	0.02235887763673998	0.016102444868811083	0.01834461854203888	0.02193120215326319
0.019498793217722712	0.02240727757534865	0.01595206782602898	0.01833443914342413	0.021763443022661484
0.01954108010739317	0.022515466346231555	0.016381282921489847	0.018550593972853975	0.02200786251565227
0.019668678569671742	0.022567396540471057	0.016434063437058964	0.018641136172215647	0.02206359909432929
0.01960734878202226	0.022468621411439415	0.01624203361856663	0.01869801019825746	0.02192288260821185
0.019678916877416693	0.02252267967061618	0.016343917002153527	0.018364006234213814	0.02174139498730602
0.019770156287247567	0.022591863508762598	0.01661711478191415	0.018802118899724662	0.021704192013691764
0.019572549787781137	0.02240691825156778	0.016682707135329784	0.018388090569459264	0.021672607339975784
0.01960087559469367	0.022390279404418845	0.016617066872394302	0.018768033365268808	0.022194136948803504
0.019375194635842474	0.022255652095846207	0.016490233185536718	0.01847056787260963	0.0218321772630486
0.019392731730514187	0.022031654320333313	0.016333086644787626	0.01859435161380361	0.02166677024834752
0.019674729341474313	0.022404326145034625	0.016387557596578017	0.01842315308273296	0.021493906045661277
0.019679728752511852	0.022438730968310082	0.016210199750559713	0.018210395584668953	0.02146283006462293
0.019636992622366945	0.02208314655000901	0.01652750826876639	0.01863122015924709	0.021956095572017956
0.019144126935802454	0.021832370034912046	0.016285073555186564	0.018370341957377672	0.02145286399842529
0.019387791442977788	0.022110726257971943	0.016077603111067415	0.01811751564655006	0.021333950983784402
0.019366341850260642	0.02227598400143404	0.01638955259910019	0.018456529116119905	0.021316224161316375
0.019007012143235687	0.02219829039500498	0.0162424404278893	0.01827044273390794	0.02128352375839219
0.01952248428236036	0.022507657651858543	0.016531739784095004	0.018419990025441653	0.021520714782883466
0.019379512976159533	0.022401711348529973	0.016321440646544	0.01841030792926279	0.02165604307961739
0.019349932260906613	0.022071841875534227	0.01655845252125311	0.01812892641557757	0.02158666445928463
0.019633473633119194	0.022104189261946537	0.016727133137185844	0.01841346997186502	0.021534923192523307
0.019118031696475978	0.02221529880333739	0.01649733166427105	0.017473486678489022	0.021231106037031062
0.019220639953909026	0.022192707580640514	0.016623705458801128	0.017309907947659808	0.021357912351103382
0.01921973544675523	0.022020390495429244	0.016331776928947415	0.01708662644257326	0.021489787156052906
