1	2	3	4	5
3.1120000000000037	2.744000000000002	2.2519999999999984	2.3320000000000007	2.400000000000002
5.715999999999999	4.308000000000001	3.080000000000005	2.5519999999999987	2.9360000000000053
7.372000000000001	6.116	4.791999999999996	2.844000000000002	4.5479999999999965
9.267999999999999	7.46	6.735999999999997	3.5719999999999974	6.935999999999998
12.380000000000003	9.668	8.919999999999995	6.108000000000002	8.843999999999996
14.508	13.376	11.419999999999996	7.908000000000004	11.460000000000004
17.452	16.528	14.632000000000001	11.175999999999997	13.536000000000003
21.255999999999997	19.092	17.776000000000003	14.115999999999996	16.003999999999998
25.651999999999997	22.084000000000003	20.155999999999995	16.203999999999997	18.655999999999995
29.804	26.115999999999996	24.5	18.864000000000004	23.536
32.928000000000004	29.471999999999998	28.368000000000006	20.843999999999994	27.700000000000003
36.436	32.896	31.884	23.812	31.672
39.172	35.736000000000004	35.040000000000006	27.188000000000002	34.772000000000006
41.92399999999999	38.971999999999994	37.448	31.596000000000004	37.624
43.967999999999996	41.376000000000005	39.724000000000004	35.275999999999996	40.059999999999995
45.544	43.996	42.24400000000001	38.392	42.14
47.675999999999995	45.9	44.396	41.248	44.608000000000004
49.268	47.684000000000005	46.288	43.708000000000006	46.455999999999996
50.163999999999994	49.104000000000006	47.355999999999995	45.436	47.548
51.540000000000006	51.308	49.444	47.312	48.931999999999995
52.82800000000001	52.67999999999999	50.751999999999995	49.312	50.25999999999999
53.571999999999996	53.864000000000004	51.483999999999995	50.568000000000005	51.791999999999994
54.82	54.699999999999996	52.776	51.971999999999994	52.94
55.572	56.072	54.008	52.956	53.791999999999994
56.275999999999996	56.444	54.696	54.236	54.339999999999996
56.855999999999995	58.068	55.89999999999999	54.604000000000006	55.028
58.08	58.228	56.48	55.672	56.38799999999999
58.716	58.86	57.46	56.992	56.96399999999999
58.93200000000001	59.472	57.275999999999996	57.616	57.352000000000004
60.116	60.675999999999995	58.996	58.739999999999995	58.407999999999994
60.480000000000004	60.992000000000004	58.967999999999996	59.227999999999994	59.06
61.036	61.495999999999995	59.587999999999994	59.668	59.455999999999996
61.468	61.94	60.64000000000001	60.78	60.440000000000005
61.864000000000004	62.488	60.88400000000001	60.82000000000001	60.72
62.868	63.00399999999999	61.844	61.492000000000004	61.224000000000004
63.135999999999996	63.544	61.904	61.768	62.112
62.959999999999994	64.056	62.38399999999999	62.232	62.348000000000006
63.4	64.208	63.15200000000001	62.632	63.084
64.56	64.652	63.712	63.047999999999995	62.827999999999996
64.21600000000001	65.16	63.888	63.312000000000005	63.108
64.456	65.876	64.16	64.316	64.208
65.328	66.044	64.53599999999999	64.508	63.87199999999999
65.652	66.57600000000001	65.044	65.324	65.08800000000001
65.448	66.556	65.51599999999999	65.524	64.85600000000001
65.996	67.032	65.232	65.78399999999999	65.312
66.024	66.716	65.79599999999999	66.056	65.116
66.73599999999999	67.452	66.06	66.096	65.84
66.896	67.708	66.232	66.38	66.78
67.244	67.50399999999999	66.58	66.74	66.236
67.228	68.228	67.208	66.88000000000001	66.776
67.388	68.024	67.51599999999999	67.616	66.63600000000001
67.49199999999999	68.136	67.744	67.356	67.152
67.64399999999999	69.25200000000001	78.292	67.408	67.312
68.08000000000001	68.724	82.14399999999999	68.15599999999999	67.628
68.652	69.412	83.75200000000001	67.904	67.66799999999999
68.364	69.412	84.968	68.436	67.83600000000001
68.504	69.02	85.792	68.476	67.66
69.144	69.76	86.528	68.532	68.108
79.56400000000001	69.824	86.776	69.036	67.804
83.572	69.88799999999999	87.572	79.768	68.984
84.864	69.728	87.812	83.336	68.81200000000001
86.3	69.88799999999999	88.076	85.13999999999999	68.744
86.84	70.212	88.132	86.408	68.756
88.07199999999999	70.708	88.36	87.068	69.44399999999999
88.124	70.81200000000001	88.5	87.44000000000001	68.676
88.74	71.26	92.648	88.28399999999999	69.39999999999999
89.224	70.39999999999999	94.76400000000001	88.3	69.43599999999999
89.12	71.10000000000001	95.16799999999999	88.58	69.81200000000001
89.44	70.67999999999999	95.94	89.2	69.808
89.56	70.948	95.97200000000001	89.30799999999999	70.232
89.688	71.464	96.332	89.464	70.30799999999999
89.748	71.192	96.64	89.256	69.804
93.74	82.08800000000001	96.916	90.05199999999999	70.288
95.352	86.208	97.08	89.548	70.74000000000001
96.044	87.68	97.324	94.072	81.464
96.48400000000001	88.94	97.492	95.744	85.29599999999999
96.892	89.7	97.568	96.336	86.508
97.1	89.752	97.66	96.596	87.78
97.268	90.50399999999999	97.812	96.98	88.468
97.392	91.036	98.044	97.128	89.3
97.672	91.144	98.172	97.536	89.684
97.76	91.08000000000001	98.324	97.61999999999999	90.208
97.98400000000001	91.848	98.592	97.848	90.56
98.10799999999999	91.74799999999999	98.584	97.868	90.84
98.064	91.636	98.696	97.98400000000001	90.72
98.196	91.636	98.71600000000001	98.148	90.764
98.316	91.58	98.98400000000001	98.456	90.7
98.68400000000001	91.808	98.86	98.54	90.876
98.916	91.952	98.87599999999999	98.792	94.6
98.83999999999999	95.368	98.836	98.9	96.288
98.964	97.164	99.0	98.912	96.76
98.92800000000001	97.736	98.988	98.88	97.172
99.036	97.932	98.944	98.912	97.32
99.14	98.128	99.112	99.09599999999999	97.784
99.03999999999999	98.288	99.03999999999999	99.056	97.69200000000001
99.10799999999999	98.532	99.132	98.988	97.944
98.988	98.61999999999999	99.092	99.076	98.232
99.136	98.752	99.136	99.06	98.276
99.256	98.908	99.112	99.18400000000001	98.532
99.212	99.08	99.17200000000001	99.076	98.436
99.18400000000001	99.004	99.14	99.224	98.576
99.22800000000001	99.124	99.21600000000001	99.28399999999999	98.76
99.26	99.188	99.196	99.18	98.768
99.24	99.168	99.26	99.292	99.016
99.20400000000001	99.24	99.212	99.22	98.956
99.21600000000001	99.332	99.17200000000001	99.29599999999999	99.18400000000001
99.304	99.468	99.20400000000001	99.316	99.136
99.168	99.444	99.168	99.24	99.208
99.28	99.516	99.212	99.256	99.156
99.41600000000001	99.532	99.272	99.276	99.304
99.256	99.52	99.288	99.316	99.208
99.288	99.528	99.18	99.21600000000001	99.256
99.28	99.476	99.248	99.236	99.276
99.252	99.58	99.20400000000001	99.268	99.30799999999999
99.32	99.56	99.28	99.288	99.252
99.372	99.548	99.252	99.29599999999999	99.392
99.384	99.512	99.244	99.248	99.28
99.28399999999999	99.53999999999999	99.212	99.324	99.36399999999999
99.29599999999999	99.604	99.236	99.272	99.38
99.332	99.652	99.292	99.256	99.368
99.33999999999999	99.68	99.272	99.384	99.376
99.384	99.67200000000001	99.268	99.348	99.47200000000001
99.396	99.668	99.28399999999999	99.36	99.32
99.304	99.6	99.276	99.36	99.456
99.368	99.70400000000001	99.264	99.29599999999999	99.444
99.33999999999999	99.7	99.244	99.388	99.372
99.4	99.684	99.376	99.44800000000001	99.404
99.304	99.59599999999999	99.236	99.256	99.392
99.29599999999999	99.628	99.208	99.32	99.4
99.332	99.736	99.264	99.256	99.396
99.33999999999999	99.708	99.272	99.30799999999999	99.41600000000001
99.328	99.664	99.164	99.336	99.492
99.38	99.744	99.28	99.35199999999999	99.46000000000001
99.408	99.732	99.268	99.4	99.432
99.332	99.676	99.272	99.22	99.404
99.272	99.732	99.22800000000001	99.26	99.488
99.388	99.656	99.344	99.424	99.44
99.4	99.708	99.328	99.384	99.528
99.26	99.728	99.268	99.348	99.436
99.28	99.7	99.32	99.328	99.496
99.332	99.684	99.20400000000001	99.384	99.512
99.268	99.67200000000001	99.208	99.248	99.456
99.356	99.712	99.264	99.328	99.452
99.36399999999999	99.72	99.28399999999999	99.20400000000001	99.548
99.316	99.644	99.208	99.24	99.396
99.28399999999999	99.712	99.224	99.384	99.496
99.32	99.68	99.304	99.41600000000001	99.44
99.336	99.68	99.276	99.404	99.468
99.256	99.684	99.268	99.324	99.444
99.312	99.72	99.256	99.3	99.536
