1	2	3	4	5
3.7639027177071074	3.805978874770963	3.824136960263154	3.8202618932237447	3.8240606894298477
3.564656476585232	3.69327429727632	3.8122194166086154	3.86788572827164	3.831679563133083
3.465786339068899	3.4981837783541003	3.6539399575213993	3.864990823122921	3.6903495362826773
3.3905171399213834	3.4388864198509523	3.486294785324408	3.8335665427908596	3.4803870758231796
3.2786548149829007	3.3578055817253736	3.398796118035608	3.57772767787077	3.3955286522300887
3.1674888194823745	3.2170110989590093	3.302157537061342	3.4378292061844657	3.2799346142885635
3.02610769685434	3.0769661117573177	3.154123646872385	3.3174523601726613	3.180664409180075
2.8447429197175165	2.9656739478208567	3.0067586923132126	3.18884933481411	3.0817239053395316
2.6284635723853595	2.8217645494305357	2.865875584738594	3.088213822063134	2.944891889484561
2.4644970066693355	2.6268416363365814	2.6938737788978893	2.981836944210288	2.740664416429947
2.337762843589395	2.494483052467813	2.5394168556952956	2.88137483840086	2.5699094241979172
2.2041612158016286	2.3499658034772297	2.385616663767367	2.7302905369778068	2.406440385750362
2.113702007094208	2.2363472252475964	2.2804651211719125	2.57657967781534	2.281338143105408
2.0118523203596776	2.12398084268278	2.1695267059365095	2.402309590456437	2.1702896855315386
1.9485804791353187	2.039986004634779	2.0912518562102784	2.2723343396673386	2.081251550693903
1.9022757867161106	1.9631785628746974	2.0017986455742194	2.1611335593826912	2.013917870667515
1.827345680825565	1.876146694835351	1.923655641930444	2.0435386494714387	1.923765932418862
1.782770896444516	1.826167378498584	1.8641105999751968	1.9593211242130821	1.8770094319265713
1.7326103047448755	1.7575196927907522	1.8185295632907321	1.8888609099144835	1.8174089649502114
1.6894710313300696	1.7083235875684382	1.760170874546985	1.8272010702259702	1.7816112412481895
1.6583421771623648	1.6599760438714717	1.7239443799670875	1.779862728045911	1.7335701013097966
1.626948320743989	1.6079151003944634	1.6828435805379132	1.7204503660299344	1.6914305346352716
1.5927342808976463	1.582061141121144	1.6515148142162637	1.6928793775792037	1.6682228074998262
1.5518309102982888	1.5396161657206877	1.6107131352229995	1.645953143737754	1.6298485775383151
1.5231596632879607	1.5098818723036311	1.5730823777159866	1.6100109700037513	1.5916079002983712
1.5007777244460834	1.482647325311389	1.5485602215844763	1.5926902476622133	1.5723422437298058
1.4699247205743973	1.4422098465111786	1.5293050627319182	1.5474702867926382	1.5374688147282107
1.4477014663268102	1.4257964558747354	1.4944708237842639	1.5192893737432898	1.5098322794145473
1.4456081688404094	1.4071330409877154	1.5000759819332437	1.492357002229106	1.5089496155174411
1.406025206556126	1.3738739812860692	1.4535564567361559	1.4541206049675852	1.4630691415193129
1.3842997021821084	1.3635666394720272	1.4350646369311273	1.4418086178448732	1.4519423501832143
1.3700888266368787	1.3474112451076512	1.4176018201574987	1.4090420323975232	1.4262629850786561
1.3577576620238174	1.3230582396594843	1.3824518426340442	1.386576476145764	1.3955246781816293
1.3389499230044235	1.3117305630323832	1.3677197378508898	1.3795575517780931	1.381213674739915
1.3124872671098122	1.2804153093269892	1.3384582783494678	1.3506799084799617	1.3521100598938611
1.3185100774375762	1.2730321148220372	1.339870892617167	1.3535756687728717	1.3412223634671188
1.313589756586113	1.2650350168043245	1.324250047304193	1.3406625347478056	1.3302905279762889
1.28313014701921	1.251057345039991	1.2907343020244526	1.3209322624060573	1.303968471531966
1.2661879926311728	1.2361080384984307	1.2857953425572848	1.3021950113530056	1.2951348825376858
1.2723864827837268	1.2259727235959508	1.2709037813605093	1.2946316697159594	1.29188910978181
1.2508452467772417	1.2037108829435046	1.2625431089985126	1.2597982439459587	1.2713057258907634
1.2226983570322694	1.183234216607347	1.254637897622828	1.255827934158092	1.2638137413530934
1.2185754605701993	1.175604701650386	1.2378117934781683	1.23926843124993	1.2411224075726108
1.2281312157913116	1.175682339133048	1.2263780479528472	1.227542034217289	1.2349867510552308
1.1914039284599072	1.1624557509714242	1.216656984115133	1.210015060037983	1.2169497444921618
1.1956766278159863	1.1588920941766427	1.2135112851249936	1.2047934708546622	1.2174641708938454
1.1840608308509903	1.1479151142495017	1.2009051703676885	1.2023357341484149	1.2049473311219898
1.172561290008681	1.1367482168942087	1.1919428201354276	1.1918193126211358	1.1910345052578009
1.1587154032016294	1.13776744050639	1.1723198726469162	1.1744300780855887	1.1879233942956329
1.154642265974259	1.1164990386792593	1.1601623290655565	1.1713151144129883	1.1888956059606701
1.152306851683831	1.1258175756250106	1.1496264618270249	1.1540580528731257	1.1797633265354202
1.153713378371025	1.1155101091277846	1.1453352926336982	1.1506865535463604	1.1656699715828402
1.1374996465687852	1.0894480779462934	0.8129748598653447	1.1418205238118462	1.1611232240589295
1.1303032785654072	1.1066856670136354	0.644373387402418	1.136892973464363	1.1604238386665073
1.1171296917054119	1.0836848799063235	0.5775776250021797	1.1451587692207224	1.1482789452586866
1.1121418615993182	1.0822129605375992	0.538820718167996	1.114886213017969	1.137174651330831
1.1097235518450654	1.0906855019987844	0.49937529983569146	1.1130366839316432	1.1334578437464582
1.0931886571402452	1.0696069646854784	0.47470331724200926	1.1085942363252443	1.1362372712821374
0.7750761578885875	1.0775688704179258	0.45953129566445633	1.1029001200685695	1.1449443153580852
0.5978882454183635	1.0688937294239895	0.44351205457838233	0.769478720973949	1.1115320084654556
0.5363947717206812	1.0660385589818562	0.42916043482872906	0.5963418532390982	1.1110288047668877
0.4916406889655152	1.0597727608924008	0.4157015961043689	0.535087335930795	1.114417009207668
0.46373930786337164	1.0647914287995333	0.4160513502298569	0.48893589708878066	1.1094903900307065
0.43208776399189125	1.0428561157718013	0.40137236139604027	0.45841176138848666	1.0870072321624171
0.4150222979333935	1.036049350183837	0.4021198436313747	0.4391684678136085	1.1047547462643408
0.3945993169838068	1.0295823438435177	0.3177228744845	0.41241329680291966	1.086460930048203
0.3809813727833786	1.0481637707170164	0.2589568192405361	0.4034799378441304	1.0837711561091095
0.38126596291454456	1.0268649586609435	0.23348458430596766	0.396214554200367	1.0900142192840565
0.3734440675803594	1.0413840966565275	0.21061884064455416	0.38307663083684695	1.0819832658281139
0.36173454778535014	1.0441736061962281	0.19709635811040596	0.36336286533243795	1.0729420029995382
0.3575446901424806	1.0261448089565561	0.18395422832394137	0.37158351878122403	1.0689373953001842
0.36149357913100016	1.0300504282421004	0.1759280333181426	0.372733233078402	1.0843759744751214
0.2816631904974275	0.6958050531696296	0.16513553987808366	0.35417583790056567	1.0558820239135194
0.22638083903156975	0.5108284235608818	0.15389529532011686	0.3638687991366094	1.0491253298764331
0.20164923126600234	0.45272590356821907	0.14396760760977553	0.27893771451650806	0.72264196860547
0.18085994263540733	0.406554961386992	0.1372203025586751	0.22159761524930288	0.5421396606430713
0.1682868504098483	0.3800368018600406	0.12863462737628392	0.19715053702191435	0.4856165402701924
0.159505423576552	0.36498891699070846	0.12585485848237063	0.1818254769836762	0.4467827247417703
0.14932038391731217	0.3399572359512045	0.12151140438354745	0.16471525030780812	0.4136610444711179
0.143654949544948	0.32495367192492197	0.1143211861502151	0.15470736409176375	0.3872634692459692
0.1302389658379311	0.3159262409471737	0.1089508907717405	0.1431843524760738	0.3649838752284342
0.1276770827493498	0.31037576542216894	0.1047364419554265	0.13616901571501275	0.35067508650981644
0.1190037603813166	0.29936422073111246	0.09701009948110702	0.12708114034363208	0.34032624610224554
0.11325861614349542	0.288571566875492	0.09423158863293273	0.12129324826658991	0.3245724880573701
0.10816987569690965	0.2928059811950945	0.09353491874905875	0.11665713346126126	0.32883470520681285
0.10599080495992484	0.2932356359551151	0.09189215264454183	0.11033875715671757	0.3289634631756618
0.10040936982069089	0.30071933757589786	0.0886711077384498	0.10208213846294249	0.32639027227248474
0.09207334367520348	0.291003790056827	0.08987576459363408	0.09634081511853304	0.32345911845260733
0.08810955171986497	0.28629361838102324	0.08629452361136068	0.091796233641858	0.24523492453961968
0.08610250821755248	0.21741864594573884	0.08620685606966826	0.08868925889231714	0.19653107370344963
0.08408175549488899	0.16732005022314125	0.08266464440266086	0.0878856824330833	0.17594506526936077
0.0822473464495673	0.14442045906824735	0.08099833657318842	0.08526815002670092	0.15789731466496484
0.08170050696222762	0.1306800516892453	0.0844431541175867	0.08692092389552572	0.14782082361682336
0.07930407296790154	0.11978150565861437	0.07953254633336046	0.08182338085405681	0.13610732266489356
0.07824531602388138	0.11243809560047724	0.08079697777118007	0.08202267660550315	0.1264335118918396
0.0775568134208419	0.10451153373079644	0.07971628092001291	0.08169639258816538	0.12192399153599932
0.07593751626507361	0.09817737038722452	0.07753846279288434	0.07944965533608075	0.11425778948302784
0.07538673222749208	0.092552041920016	0.07570276034957903	0.07803020854385534	0.10649613623640364
0.07542100763518589	0.08616461517403326	0.07518676647498293	0.07698876444934583	0.10205821358427714
0.0739303779579243	0.08232624473392355	0.07485816430072391	0.07648982411744647	0.09849608940433482
0.07130254139857634	0.07911442244919593	0.07369429675139944	0.07569542979555474	0.09264139108815973
0.07113423251679965	0.07488443139864472	0.07332653166460136	0.0742141645857875	0.09040703782241567
0.07118063359236228	0.07107759369727298	0.0742585775347389	0.07311769924601731	0.08237918869269141
0.07044162207796256	0.0712078493088484	0.074505159745411	0.07325849828443355	0.07966575824788635
0.07214142754673962	0.06511591408135632	0.07466651389033215	0.07511535380035639	0.07985275719618914
0.07069666858534425	0.06176683273432511	0.07372036294973627	0.07419393669661824	0.074794464858667
0.06944750804378066	0.05873786300724871	0.07275282122118741	0.07243382907947715	0.07469248857197107
0.06994585664372657	0.060482110467036165	0.07404730922295434	0.0714578141591379	0.07607486435421264
0.06792664997355673	0.057144905659085025	0.07204824929334679	0.07003444189928017	0.07364952729596774
0.06668705386774883	0.05623669094615142	0.07162272949151847	0.07106919639876913	0.06824988609521974
0.06888416599558325	0.05594212865951112	0.07126826296883573	0.0695903353887249	0.0703998624100065
0.0689203613532745	0.055773682379144804	0.07407784596921833	0.07309539203665091	0.07074616457886841
0.0693350816525671	0.05475329998310428	0.07391641408737212	0.07061068994962438	0.06920051757170224
0.06763018981306529	0.053430375890160114	0.07288269930500156	0.07091229110576058	0.0674569510797761
0.06758367938312636	0.05422031045036048	0.0718470821537229	0.0708206322196187	0.06764137483563043
0.0666590466601204	0.052061761539353414	0.07120111392696903	0.06925242500645765	0.06468481211257836
0.06947001653286267	0.05439060371445152	0.07515538212063964	0.07074689032623965	0.06768815892235354
0.06905212314153206	0.052963280584663146	0.0738724142845188	0.07155760168573075	0.06476974622251427
0.06697758247277562	0.05167639534920455	0.07200414193223931	0.07014991774470831	0.06515837426544455
0.06593649152058118	0.04967916907020365	0.07023628749789632	0.0672518470875767	0.06236209953203799
0.06628704757182574	0.0499327645009878	0.07134643151443833	0.0691377777340157	0.06330230432011344
0.06771566922187199	0.04941882825057422	0.07270611495691903	0.06863355153829465	0.06291524410171777
0.06575877495034005	0.04921571649991129	0.07179072693142353	0.06752305586195115	0.06232786264118496
0.0686026848282437	0.049458871472018724	0.07120504163737806	0.06814656828587153	0.06351972443564818
0.06606936937540162	0.04873672356753018	0.0713415751423763	0.0681606345638937	0.06248193424271077
0.06661953767571523	0.04852190958716127	0.07154945496051592	0.06739523824380368	0.06183281924803647
0.06679665318177065	0.04776181057285595	0.07009053669337713	0.0683722971197293	0.06145706801314135
0.0681876121183895	0.04883117209739831	0.07432742612626474	0.06970090088339483	0.06211322097449886
0.06845860546264729	0.04871589124050676	0.0730909555960371	0.06949198086346901	0.061374580288039784
0.06719070842147483	0.046224808995136805	0.07185013964772222	0.06962572756622518	0.06144123672678764
0.06680098621706886	0.04773024844043714	0.07260146364569664	0.06846308753806718	0.0607506165242925
0.0670836413925399	0.046942127459891576	0.07141879162922196	0.06914586231720693	0.060898319856092634
0.06658892707937228	0.045517317846189356	0.07235318017477281	0.0681624067567137	0.05933046284872963
0.06535743553267448	0.046383086839044595	0.07178306533974046	0.06764021570965341	0.05884072830786511
0.06656057537742419	0.047782520060332435	0.07324281810041594	0.07011184510679871	0.060460041809294915
0.06730229571005512	0.047072226704307385	0.07226284640860196	0.07006409144675244	0.06084915617366834
0.06735690442693171	0.046822017828496716	0.0726763745199661	0.06785167225313432	0.060742661261893045
0.06580104682670564	0.04471894237688001	0.07117093637661664	0.06758635525344588	0.05837671042476987
0.06762844016205295	0.045511367797319395	0.07068845464334803	0.06797856274916196	0.06062575169287773
0.06638224016190798	0.045880250319154284	0.07228519585059619	0.0676897266043388	0.0602561061992785
0.06763908509355117	0.045530172311985986	0.07278817644989007	0.06913348038357744	0.0597098457760045
0.06869719546212226	0.04579003709273374	0.07250224211614352	0.06866947761071579	0.059693002921282025
0.06869295682301939	0.04512073470241561	0.07152080719302195	0.06952323433848058	0.061242832887765705
0.06744884701483711	0.04608968523692111	0.07493935888443065	0.06940960781458683	0.06081371933069764
0.06831151383871936	0.0469089962960202	0.07294138194042814	0.0693759374434547	0.0608772377920698
0.06695509213498052	0.04623783483379043	0.0720581424669648	0.06933626783441525	0.061862654641878845
0.06582975988181268	0.046019778054739745	0.07171788062824273	0.06793767814429434	0.0604174580253965
0.0668063943027233	0.04550858815105593	0.07058048742462184	0.06728985970269658	0.05985873003433253
0.06804491558625385	0.04568418989680253	0.07391240419249759	0.06919553993763974	0.06018219995597493
0.06598906802507688	0.04507410555735837	0.0727344722658092	0.06842682347157783	0.05998211926115411
