1	2	3	4	5
1.4789239247436707	1.5414087888224952	1.549163659820166	1.675384330627558	1.5298762598915774
1.0680583787086368	1.0848512251663696	1.0962189201198886	1.2895239195250496	1.091350825698784
0.9018477064264394	0.9222446680068965	0.9473089915712163	1.1249241182566287	0.9141455797283244
0.8183532660574557	0.8323116310112313	0.8455748786706757	1.029510039960027	0.8312673410186375
0.7634740552633927	0.7787274777736813	0.7781590352125495	0.9734820688472077	0.7759172160302281
0.7242074122514264	0.7305339960490955	0.7309060860472872	0.9297771223670679	0.7358990525040793
0.7005757939480152	0.7074517674000983	0.7021049285483786	0.9044555440888078	0.7108029406089014
0.6772504548739892	0.6942375490580068	0.672731385282848	0.8834695645305504	0.6915041050490207
0.6642526119871215	0.6778612684105977	0.6552015963722674	0.8631829902948932	0.6709032647902395
0.6537689536123936	0.6665368606824699	0.6532176194898304	0.8522078497025662	0.6637547060351847
0.6352162134007118	0.6427130962119382	0.6342976892848146	0.8336210171584889	0.6437868459145435
0.6345363122880309	0.6382594528558002	0.6213838036560342	0.8244770266820709	0.6309713235749006
0.6225568636908857	0.6281305477594781	0.6114182972999483	0.8181205370542035	0.6302417208014248
0.6108759085997906	0.6227687645293867	0.6042644888391276	0.8080050961288349	0.616278065516211
0.6004571996991289	0.6080190905219761	0.5969137971663414	0.7972197076853581	0.6028119115268481
0.6018187022575028	0.6114057025793568	0.596558530388586	0.8057588167355184	0.6037905336645863
0.5913983560584085	0.596662603833182	0.5898058173601586	0.789792020836145	0.594034774757712
0.5903024966149679	0.5920510552728263	0.5835964934295399	0.7879125119170268	0.5875186641197978
0.5850031170088924	0.5891258011541103	0.5757929798587204	0.7805325794402896	0.5821517590823989
0.5742767302276532	0.5776873118889614	0.570870057624929	0.7697663886467819	0.5762350887746152
0.5723485102891314	0.578926820126945	0.566880233985993	0.7696990599412747	0.5715570342357809
0.5752806011063365	0.578008872468759	0.5716865206008674	0.7696154393503427	0.5725803140484166
0.5683597174599346	0.57311712300686	0.5601400226125931	0.7622439888737085	0.5683766441881811
0.5650244051843041	0.5668634486472822	0.5591242721928352	0.7623195824263349	0.5613524197312565
0.5580669357191269	0.558877161625401	0.553191032632232	0.7564648403536024	0.5577643568558456
0.5636008135650471	0.5646126661306757	0.5554879709430359	0.7550093538468449	0.5591193942920027
0.552196941031215	0.5618272108952403	0.5448369097984047	0.7519149161360754	0.5518259065382928
0.5550233714111015	0.5605054496956601	0.5508430891329674	0.7545431576421493	0.5513754575453754
0.5543611214288974	0.546943818288081	0.5420949713653314	0.7458371358454381	0.5444548795442756
0.5482242388646014	0.5495481262426546	0.545733421431173	0.7452837708203695	0.5440470990927319
0.5480091426988397	0.5567867191093957	0.5397832531605838	0.7436871363988619	0.5427742194184251
0.5444359591092598	0.5465161406323119	0.5385264157486696	0.743130868048315	0.5445914988017757
0.5507893130907309	0.5470590787318044	0.547803951956122	0.7395374644595339	0.5413720890536629
0.5432689929252387	0.5436159658157609	0.5397779077977473	0.7376559561170893	0.5426327865142043
0.5436629493675577	0.5456587752265388	0.5378401677321898	0.7381715443737982	0.5381493271921598
0.5417129773922901	0.5418026131742142	0.5374110051433141	0.739714500086996	0.5343652801288056
0.5448605380094868	0.5383395497756238	0.5311283759601283	0.7387443972213191	0.5314436295758126
0.5394036463459432	0.5418356107476421	0.5341569009949182	0.7364116586992504	0.5327778902200176
0.5359736102468826	0.5303506688083834	0.5284938927349225	0.7258800397748527	0.5285414227134427
0.5338112153970376	0.5341856705258262	0.5289558112773752	0.7281765439321318	0.5294268664801519
0.3738323309080067	0.37129615933236565	0.3639069632496069	0.5798036901999618	0.36578965937847385
0.3224787912557803	0.3181770544146636	0.3103836014904943	0.5291468509475288	0.31389001606370476
0.29887898201527807	0.2958941003855537	0.28766445968004745	0.5108300479476717	0.29323109710003115
0.2882693308165003	0.28481233501068487	0.2775246975443249	0.4989087362118691	0.27861659853812076
0.27273703593274823	0.27259961616657596	0.26463668846794414	0.4876180166935982	0.2672763485509114
0.26198432051464726	0.26001475907652577	0.25337661494074565	0.47644936093284035	0.25797200906078516
0.2561306146442737	0.2511636224549142	0.24547487607849824	0.46949516758894383	0.2500895540160901
0.24950087005677435	0.24980061503170078	0.24284468210109364	0.46391755007112145	0.24307657521017997
0.2445722346949151	0.24279741504613084	0.23600018984826313	0.46006309948004137	0.23787436091229125
0.23832843608944607	0.2342433146656017	0.22936968747383485	0.45365083484393576	0.2310598026722899
0.23545163252469523	0.2320375355803753	0.22865071235334175	0.45311765826266776	0.22751430736478326
0.23065394104060621	0.2274717061454074	0.22309276434923997	0.4478030688774858	0.22181197242511214
0.22261472105446356	0.21888246854095506	0.21823897321358363	0.4422125589588411	0.21752630116994429
0.22657958320949395	0.22300508275361322	0.21651499764160134	0.4461432208338052	0.22078809044931247
0.22184814792840987	0.21874213740801252	0.21316922042528388	0.4383742856552535	0.2134607931422762
0.2184709432675405	0.21680693854303923	0.21085109174861327	0.43643828449041916	0.20973936542678057
0.21218382854900697	0.21054794048637981	0.20669840047578988	0.4337630075262027	0.20885240298021787
0.21296961512178408	0.21264853103615144	0.20656368749983162	0.43316424152125504	0.20847384542074351
0.21226717080072982	0.20770036103323009	0.20416883583111528	0.43219071539009324	0.20624251884725095
0.20503486168887602	0.20715094971306208	0.2008673930945604	0.42884918799638166	0.20365211931640848
0.21071431412340133	0.20935153075115137	0.20291813779288848	0.42992558233115963	0.20537728930601987
0.20627054303427186	0.20190901814214396	0.20138270388859913	0.4287729418796042	0.2017713138247696
0.20466259384856492	0.20388582202098574	0.19947845486881172	0.4204213746901976	0.20007182669151788
0.204454407076854	0.2021761025537919	0.20093932105680867	0.4278416750604845	0.2005918052266626
0.20824451220538615	0.20506115610261108	0.2012012881200637	0.4273659243531849	0.2020492582293729
0.20461488423673682	0.20248863739354536	0.19861507732087702	0.42512981041008235	0.1957935341407575
0.2041438316254664	0.20408064710057308	0.19584983148995574	0.42204921488719227	0.20139872677185952
0.2063080641962685	0.20347553996555032	0.19848801203243566	0.42883754313906747	0.19853374514433425
0.20568758169251025	0.20564754539743413	0.2003881731225401	0.42725364524690096	0.2006116913217107
0.20151213686103403	0.1988184524847723	0.19646907755938323	0.4220548423431106	0.19680735465053414
0.14387936473769292	0.14425035552752907	0.13918582860694828	0.3723275115727764	0.1419959243606119
0.12119213332567369	0.12212480376939028	0.11879186821944274	0.3534287451325782	0.11925730393137167
0.11592503561807407	0.11477128860285823	0.11141441032633444	0.3446795516230563	0.11103931852542533
0.11242001557060521	0.10926212567616911	0.1049698037583658	0.341842362147463	0.10786292608589151
0.10819737932375637	0.10581735633027822	0.10175093157631358	0.337503716082829	0.10360179726234481
0.10220988725533572	0.10097218436353346	0.09763945958307944	0.33380960918905783	0.10079303432417958
0.10085654487390347	0.10016936754517244	0.09753641471876517	0.33375979746546597	0.09968471893912086
0.09898867074142939	0.09714027921981211	0.09451724775611893	0.33101920120399	0.09461300999231041
0.09610796155755781	0.09527018857772085	0.09272836828056505	0.32857458609754203	0.09381656867006549
0.09196307414861596	0.09063762768417055	0.08785685667258386	0.3259659528427421	0.09126505762567302
0.09251526242974778	0.08901591892437559	0.08977519731273131	0.3250802610155261	0.08962789058799629
0.0881580926687517	0.08745125189537893	0.0845352119535131	0.3241101352455059	0.08618942901606452
0.087265593125997	0.08852758904552215	0.08522114745529415	0.32112925387252045	0.08573378306692066
0.08525014904511094	0.08412716573918874	0.08331106190600668	0.31923497550170443	0.08406920345199989
0.08613565289760793	0.08440811005051783	0.08245607858042578	0.31847011730494074	0.0828467093674881
0.08267070756048497	0.0820634725320217	0.07927406436818488	0.3174744847485476	0.08218064939465061
0.08324199444268976	0.08227498944648695	0.08036872747894912	0.31680580405780395	0.0797532175088783
0.08191325654611561	0.07924284810757698	0.0776014142786451	0.3138629432834323	0.07768874321980851
0.07999268848725287	0.08234622551466503	0.07746776029505693	0.3145290899002339	0.07986774197434217
0.0788650354537208	0.07531732074020771	0.07581274645388739	0.3115158868034167	0.07908081535793028
0.07362372411981868	0.07128130502598666	0.0713044634122221	0.3087456884134151	0.07191956664442713
0.07052079357606977	0.06982740077197246	0.06840746794038872	0.3057368871043711	0.06983232142789587
0.07188705110546117	0.07087938018772001	0.07094589476961925	0.30768176516913404	0.07170921073907319
0.06854179713046152	0.06966919497684444	0.06569042217815317	0.3045064996346797	0.06664633618481934
0.07085124222213969	0.06863284988990992	0.06727666163917094	0.3067102734847447	0.06887506594990975
0.07412240505123233	0.07289081302178477	0.07133316686924765	0.30665588220748163	0.07175446860968612
0.06964970101385622	0.06959249823809127	0.06638724990951281	0.3040451490513201	0.06734540674578188
0.06980171266114328	0.068054405157752	0.06589403986702179	0.30502213009864154	0.06807833246867671
0.06939474554241765	0.06782321915830801	0.06796467788231642	0.3063405974746666	0.06868414531754866
0.0680715109857604	0.06742041758583182	0.06365831501667618	0.303290138464145	0.06739040708069306
