1	2	3	4	5
1.6220679033137952	1.6078773060113267	1.6586581898467316	1.6254617588599316	1.5967105154491146
1.2375999215008981	1.2257132908267443	1.26890271383783	1.2321666232155415	1.2314350060794668
1.0746269358698355	1.0537964942510172	1.0884243544105368	1.0613543693061984	1.0744459952234915
0.9874208557331337	0.9490592821174875	0.9962499106631552	0.9709710059568403	0.9808249275397769
0.9265226215657674	0.8723293818781139	0.9308113839925098	0.8921455432996725	0.9166310170422424
0.8774968724116646	0.8074873141620472	0.8725202432678795	0.8313962375111591	0.8515280024779728
0.8296098248732969	0.7671922436150753	0.828682483004792	0.7833682283416118	0.8010589773087853
0.7934771850895697	0.7399388352013617	0.7840840132797467	0.7534606818043057	0.7664239521679063
0.7592642392648759	0.7157854251087163	0.7517775185882584	0.7314323859141606	0.7373878942121327
0.7333144705618748	0.7020740183570505	0.7260926131092373	0.7136455628725573	0.7194281074092206
0.7073596404946362	0.6872144007621827	0.7077339501179706	0.699022721680229	0.6959546831105367
0.6929116936595843	0.6754914204330402	0.689913290617106	0.681409751286591	0.6859132376168385
0.6807890187596418	0.6676151977323208	0.6819342592793046	0.6733479595092862	0.678662991508499
0.6703534941081802	0.6567943450587481	0.6655683223243872	0.6635273868013214	0.6600938664220483
0.6536679026263451	0.649137577437379	0.6563063540574535	0.6453957727650546	0.6536629732764897
0.6559792347728748	0.6465437479336246	0.6554627017596799	0.6484866358739955	0.650903084012859
0.6441524549365952	0.6360798361508745	0.64608080711816	0.6381237836902406	0.6390214854341636
0.6407635266061322	0.6295217999716856	0.6371187485392439	0.6309674891364547	0.6307140979772946
0.6288074384564932	0.6233127549328773	0.6294865761419082	0.6222692197546017	0.6256353400857249
0.6230247219657649	0.6181186285927472	0.6240882301117144	0.6139855955720249	0.6178311197958947
0.6224124511641919	0.6161254259479018	0.6189427950498099	0.6137477096236887	0.6183733719084268
0.6133410667671874	0.6165563957313133	0.6162450645128478	0.6090980297921559	0.6123598932152816
0.610799795755035	0.6042312880611176	0.6134765815856817	0.6059386098323882	0.6052950111496479
0.6080981969376049	0.6055946278450142	0.605743799139471	0.600487674746062	0.6052183515732853
0.6033289315907846	0.5968635006786309	0.6031360453199549	0.5910466203604209	0.5976301989591938
0.6012733321817939	0.5998033349928648	0.6055240221797964	0.5947406208881024	0.595282581227515
0.5955576946210985	0.5972950889173988	0.596681429906879	0.5899905394715115	0.5874317453035615
0.5919782606232199	0.590679099035385	0.5937388643736725	0.5851313324688033	0.5854337143776056
0.5796489121054144	0.5855142430728665	0.5807384938535181	0.5799788781596575	0.5769526413487048
0.5808056290344814	0.5804113425562146	0.5828003683663386	0.5776670149067777	0.5778393679110289
0.585735643992339	0.5785844423581871	0.5810180870468356	0.5787085708602304	0.5778156358872534
0.5768303842953096	0.5857935630147105	0.5795433413799462	0.5765516278536424	0.5727560020163851
0.5798278553863931	0.581844208871616	0.5813411337792722	0.5723659617974023	0.5681336003801101
0.5741820182184433	0.5784225984455071	0.5712817921815316	0.5696250201033813	0.5671034581825859
0.569988646165794	0.5740245726254894	0.5737300169132558	0.5700039625015402	0.5669854206349841
0.5680432501808763	0.572569669664973	0.5715908024012286	0.5711010771486774	0.5619404820530001
0.5652403590624283	0.5685309992574369	0.5686360252330372	0.5610084947570203	0.5591397181801183
0.5675101796989244	0.5694561814103287	0.5699304191352768	0.5638027936601269	0.5621827437597166
0.5625590907643211	0.5619332102863377	0.561619186569053	0.5581652931392649	0.42152248665957137
0.5591030106367662	0.4292362434479892	0.5627259175338405	0.56005110147664	0.3907587801099128
0.559293880563258	0.3961966333105739	0.43053474702188754	0.5584999324415646	0.37994947137735074
0.5564868107171318	0.383984925763686	0.3931398746150226	0.42377030296856166	0.369125222877773
0.5533982531341444	0.37273985044578145	0.3824796311538241	0.38779574205808326	0.3638789350038295
0.561475003619328	0.37075260376838776	0.37801744443986135	0.37816136160774905	0.36163304483189285
0.550091548039175	0.36640295146218965	0.37047885373577716	0.37129104514713485	0.3586888849506597
0.5464712832589897	0.3620071656182597	0.36669972950540247	0.3610332301815452	0.3517043805488238
0.5483619575305365	0.3591593849613234	0.3646002468626823	0.3594824085988654	0.3510489030491053
0.5509428513781798	0.3570596101262686	0.35898909346221947	0.35508938480521113	0.3526640732574951
0.4112222642849777	0.35794069097779885	0.35887336003048653	0.35724796122297287	0.3518816090529533
0.3754713033013944	0.3584304774737418	0.3540175901273326	0.35287618015885647	0.35120286272309925
0.3632916250192294	0.3566283239123158	0.3568723938806587	0.3524370792576727	0.35067953237944555
0.35453405766688334	0.3564370373630769	0.35886000653209577	0.35365771126869094	0.3465585970436521
0.3483390842785918	0.3529651797640966	0.3492866385242213	0.3453435228227652	0.34416940404326135
0.3497149664956284	0.3573292465237401	0.35826557272535475	0.3497893189835124	0.347485158220886
0.3457775508884885	0.35759922945895767	0.35742136302506544	0.3498137954936921	0.3479520685761174
0.34237859682048993	0.3544850664980271	0.3519954697021742	0.3479899282726793	0.3451539529177842
0.33912818762652375	0.35068187148064917	0.3521329171745978	0.34731981897598024	0.3462925789225133
0.33882019583069156	0.35356217695166686	0.3533536869546636	0.2942243080462338	0.34888430709576695
0.33791009243339537	0.35029890348234427	0.3526831685429645	0.2750826558798474	0.3447988549690419
0.3310492904975894	0.3487280931542902	0.34924039073155017	0.2678899399154937	0.34195656880088476
0.33502944099628695	0.35210179230746097	0.35093165419595607	0.26755199514691497	0.3460056348453702
0.3326717602170035	0.35166807289775975	0.348167043055415	0.26267513141150384	0.34196812573753643
0.33231053743368505	0.3485551232190999	0.34602131978477674	0.26070364884784414	0.3395145785473192
0.3328029627309128	0.345053172972806	0.3486942728538345	0.25776791831721424	0.27822639943693594
0.3362908146494187	0.2818045373767839	0.28295424290935095	0.2564757288721824	0.2600722413538668
0.3323105175019531	0.2632433541138156	0.25991935130504096	0.25295867993856025	0.2507651194815746
0.3314573361593135	0.25838533615517184	0.25546444270312024	0.2539250382681941	0.24744608727714895
0.33406290728265364	0.25307952281078155	0.25411468507993573	0.24950359851274367	0.24273315636093346
0.3311657545435461	0.2511416389547344	0.24955423968984652	0.2494382836553448	0.242130085120878
0.33164094091223906	0.24530838418494724	0.2424386895221212	0.24849622462259222	0.23597215087441215
0.331367277618869	0.24105783786310264	0.24370047093733485	0.2442696362047854	0.2346582059245891
0.2666145623530575	0.23781334302004647	0.2404412693913332	0.24203801740084768	0.23310263755986144
0.24390480674974765	0.23619528076685287	0.2382188623442369	0.24106807518950507	0.22856884630744714
0.24363839376689234	0.23783540567549913	0.23993447663076717	0.24144558036876151	0.23169042861751293
0.23589977488645805	0.23511871198177944	0.23672753092273122	0.23739596355296771	0.2266167978115399
0.23254968315515376	0.23349449844540218	0.23422605948298778	0.24102852262956712	0.22755532250608637
0.23491464877296292	0.2335937486966247	0.23348970856050727	0.2403556199939661	0.22671743373736697
0.22881944408959431	0.22993626967644162	0.23111194435059254	0.23559740806936905	0.22752602465088706
0.22848111514926253	0.22674920110751284	0.2295706313665565	0.23355980903443768	0.22165354287914008
0.22330068189012414	0.2260916116063858	0.22700605665326412	0.23112398195449668	0.21869211649650808
0.22723581716227714	0.22913524112128242	0.2308303153194736	0.234680680591432	0.22286150139539734
0.21725918503139938	0.22636725824049958	0.22834366986818616	0.22880762291457651	0.21815956164808825
0.2209786502334772	0.2240280759380297	0.22543741530164732	0.2312744557095305	0.21606708096954821
0.2181401683584504	0.22463096365751814	0.2261933494178231	0.2278862365371431	0.21783002848972757
0.22036797172196992	0.22130348744904596	0.22358281030069524	0.23022878385337112	0.21754640742869635
0.2153556295825393	0.2216287293016452	0.22206213195686764	0.23094333365292818	0.21641526531304245
0.21663078774347944	0.22178562905858548	0.2223869107682688	0.23006600202501895	0.21491776202874435
0.2149940227799098	0.21976579834356938	0.21942424454042686	0.2235588562839172	0.2128335663386622
0.21547098400647696	0.22202481535237154	0.2218905683521115	0.22772667924766357	0.21619496275396918
0.21168698921151777	0.1993209337601272	0.21892986545706042	0.22808633275958887	0.21157829901751335
0.21141619995579386	0.1943463927606488	0.19674129364892978	0.2257464819056604	0.20871565222282848
0.20778307090025114	0.18846262240653766	0.1900006093446863	0.20445885501630479	0.2094210166950969
0.20810309942344893	0.1894028285694548	0.18942414902512678	0.19756006901069068	0.20961272642206963
0.18853793519994472	0.18560933504644261	0.18772204145979712	0.19455353929030023	0.2060612011557954
0.18499144984175783	0.18600374679355058	0.18744436981123122	0.19488263846663254	0.18489946819403597
0.18739679047976	0.1890014434790672	0.1889588410020484	0.1979650235198952	0.18173854670408732
0.18259814808435756	0.1811485763477243	0.1817383176987739	0.19198350596915736	0.1769186825017489
0.18105735387796026	0.18478728836530917	0.1855620215349185	0.19344944093385932	0.17750425036529746
0.1809413902404363	0.18488700289631743	0.18627461282264843	0.19352430143319743	0.17535716969796158
0.17610452143127647	0.18165038472703646	0.18140129714518266	0.18913370551889205	0.17299322926860947
0.1765370894309201	0.180509574558881	0.17980381768301623	0.1868003492655657	0.17029663213454838
0.17489775836162852	0.18044097374772164	0.18180903442718488	0.19038516972833278	0.1708526313495453
0.17828411187814627	0.1831383033443595	0.18146519162846952	0.19011753788003535	0.17358258017874748
0.17606654705103403	0.17867913001867203	0.18037899974209567	0.18843127468891452	0.17141620626153853
0.175315088323315	0.17499971349754598	0.18021764449984834	0.1877373530508003	0.17140092637837692
0.1731426925267405	0.1752976599099385	0.17833724013908436	0.18518800589510853	0.16875953492148746
0.17660878873084798	0.17721824763376087	0.1817335595407754	0.18871139935063	0.17267843375882858
0.1736411756414281	0.17225238213987312	0.17829051615713187	0.18442727028942463	0.16874781938846148
0.17297746719378038	0.17276342131216513	0.1735161835580225	0.1795995584724809	0.1663617019153315
0.17063399922588604	0.17406497971938392	0.17274714735767732	0.17996807365923576	0.16639707153639213
0.17348389701007896	0.17320575900471116	0.17342090639083285	0.18132964108148808	0.1655066846238682
0.17025791190545567	0.17490067237707047	0.17442065795592926	0.178222586679489	0.16726349044562602
0.1680338279441798	0.17311249869635037	0.17180132391431444	0.1810656000700449	0.16473148837495033
0.1693156971727185	0.17385415020196332	0.1719588668411956	0.1832360464631749	0.16727334918344716
0.16462629574262883	0.1736610548194415	0.16934462501417347	0.1782035980649921	0.1641384405286416
0.16585610536358247	0.17184872856682842	0.16999110661428002	0.17788129128382332	0.16207884080574642
0.16650427546342622	0.17419905371754368	0.1712284941616874	0.17738411346893496	0.1676493524704747
0.16830158140272125	0.1719453425320518	0.1728024674993951	0.17866202878296542	0.16439650295411842
0.16491591577868323	0.17075498792750154	0.16784754730856327	0.1767036411768335	0.16191468660331446
0.16824615574287033	0.16913104253580497	0.16918423339305322	0.1764519973598476	0.1627951008660715
0.16883613790392565	0.1713285442546507	0.17199453541918477	0.1770626143230805	0.16022208942781632
0.16736832514519584	0.17160800293735828	0.17109006292679727	0.1782248905476401	0.15782748947820385
0.16548152245066652	0.1740045455258215	0.16958047840220236	0.17802750023886985	0.15629066584055382
0.16585769258496688	0.1734085839117885	0.1700517505483555	0.17786628106975808	0.15646789968966537
0.1659683443396293	0.17113449403544512	0.16860275439289216	0.1774318454134494	0.15845794402196292
0.16632517406245348	0.1729918104760788	0.17142501688750503	0.17856847995992195	0.15634367129077073
0.16370471993751842	0.17170928447219128	0.16638203893247475	0.17649954481198044	0.15656709068876393
0.16517209076820433	0.17271776461159175	0.17144268242370744	0.17694902620123468	0.15565946446660225
0.16602571506786837	0.17146755911200245	0.1698075659630244	0.17898752204978552	0.15721335202989073
0.16380914176821393	0.1711661422915777	0.1686141693492985	0.17666281199516232	0.15432026747928568
0.1647493026178817	0.1711486244331236	0.16848141771486347	0.17861073492737983	0.15394852621018723
0.16226579231755514	0.1680165593467099	0.16658196541125803	0.17566596931966064	0.1525504455599181
0.16524279919807863	0.17261367155920204	0.16876466231196727	0.175859808521655	0.15519462011354349
0.16737010552907522	0.17350443850850195	0.17082801236368506	0.17612455508974206	0.15700397400371247
0.16361133436031652	0.1720681629522378	0.1668843000631808	0.17662320611879345	0.15246668780970446
0.16412956061799203	0.17102785116952404	0.1696957849404393	0.17879219896272006	0.15284177411319053
0.16328029043000675	0.17013359410912174	0.1676262825193917	0.17484840401984236	0.15136849060845195
0.16593762990230188	0.17187502490513762	0.16932963671358048	0.17720778109243754	0.1538229606035725
0.16266496713890127	0.1696637987976184	0.1670167615537145	0.17734908680324368	0.15306746084100142
0.1640145746166901	0.17175087023078633	0.16972492455178512	0.17790656079492917	0.1538246730366326
0.16370421154496004	0.17376438783638923	0.16943463553553037	0.17532174767511874	0.15474031379689354
0.165339059584662	0.170972150381264	0.16775868817820874	0.1777316024312584	0.15484018919184372
0.16493746201934095	0.1692569295940039	0.16673478617540108	0.17557066193093424	0.1532683729210779
0.16400389744878732	0.17270962000274281	0.1684980813766379	0.17552874837537552	0.15115111294533579
0.16550819421439536	0.17274548460150624	0.16740510176362286	0.17713720690640034	0.15427512696484472
0.16510946997215079	0.16999866901075142	0.1673477660207187	0.17597674217332349	0.15175065758359393
0.16608930783122405	0.1723222646414472	0.16888503053837722	0.17868245882756276	0.1542204728211894
0.16290150117843674	0.16973268696109345	0.16765498707209087	0.1741811543360087	0.15211506931068333
0.16472282828501117	0.17091922282867714	0.16782440366151996	0.1768188032957598	0.1521597776533392
0.16457852201007522	0.17095293241845966	0.1704144162480789	0.17547347664337637	0.15294582616833155
