1	2	3	4	5
1.7395997809632038	1.7294262470796598	1.7706731673701632	1.7443997241042162	1.709280388434525
1.3164561203373684	1.3073051448368354	1.346468587360724	1.3186982714611555	1.310958180281208
1.1461019558674839	1.1310829756509928	1.1583135079239957	1.138999758778934	1.1453423506158698
1.0531083153336858	1.0203778371786523	1.057251148821447	1.040193582129906	1.0466692690044406
0.9901686391562144	0.9444292408730981	0.9977650704896048	0.9632626363383541	0.9832217780220537
0.9394372006511448	0.8808058922552995	0.9394436833803611	0.9003427772570757	0.9215837589005377
0.8920663172936503	0.8341790112997874	0.894065247167407	0.8528399136670105	0.8693760775239268
0.859010878578781	0.8042929411849097	0.8525597471410353	0.821338962106144	0.8341353912182775
0.8246604691990799	0.7847925214206471	0.8182268944542732	0.7984858202507427	0.8041874972145888
0.7967135703472229	0.7676496557567425	0.791311260989255	0.7784479260444643	0.7856232606236586
0.77359245378343	0.7557089493402734	0.7721859952982731	0.7650885681057225	0.7646438391007424
0.7567872949268505	0.7408918569155049	0.7560537192217834	0.7450150704139938	0.7517904518815259
0.7460807197539093	0.733375139096204	0.7439750803401095	0.7408737834457246	0.7451440380967177
0.7330884630112997	0.7231085553498523	0.7321324000882977	0.7304472818094144	0.7282652664367502
0.7185052444258001	0.7152215257630022	0.7199209190695496	0.7144619436825019	0.7184213492876428
0.718881202933124	0.7106108581623457	0.7191431812008329	0.7112951367102615	0.7170210651424537
0.7104596192269681	0.7052974774099676	0.7115383140571284	0.7086805951259932	0.7092418926756101
0.7043699404162822	0.6976102294824307	0.7001522162076462	0.6966974242873814	0.6984800530211701
0.6951986555858032	0.692041261116867	0.6964506616677779	0.6915922068116612	0.6942146351880122
0.6895554439186137	0.6840949509759694	0.6906711291474149	0.6824005572387325	0.6865342840209343
0.6861815441904774	0.6837912993053038	0.6866739605698747	0.6804677871487025	0.6864627433554902
0.6785221901696044	0.6807290614413486	0.6840449271299659	0.6782294336487271	0.6810813675756034
0.6755779159953225	0.6733177132008932	0.6761288158119179	0.6745419134874179	0.6720097662542788
0.6763758025205957	0.673336132560545	0.6737192010940491	0.6721636831303075	0.6741933554334719
0.6680863947819564	0.6658611850970235	0.6682807615650891	0.6591300249404618	0.6667668529788552
0.6646347144985446	0.6662379241050667	0.6698143744407713	0.6607650000116108	0.6677300908681382
0.662812230684568	0.6644630177551522	0.663821424669622	0.6590105127495569	0.6572182021482526
0.6581597460810181	0.6597915884783805	0.6603626675922852	0.6560889355971685	0.654607614440382
0.6491659416262145	0.6546941834032687	0.6491495887641712	0.6489582102926793	0.6459301289390115
0.646647851637867	0.6490637178311257	0.6503786223623753	0.6464713270706901	0.6463690592199947
0.6487578870085501	0.6467574331766507	0.6446293060431997	0.6469371658761787	0.6449439141451553
0.6429736147756167	0.6506969374616434	0.6463413340661228	0.6436819502764652	0.6426302777684256
0.6478901894196218	0.650590939899844	0.6485066529734969	0.643533144155732	0.6375052169765655
0.6422591898447408	0.6475587034469373	0.6410815075535298	0.6396408212154412	0.6371905478979922
0.6376964609946127	0.6428768832970154	0.6405962417497657	0.6384837581678421	0.6345555817379664
0.6338376982132797	0.6392521896325717	0.6399678754074799	0.6375411129973425	0.6322042824667133
0.6329664748038173	0.6370773977026	0.6369598097813409	0.6333137212506951	0.6266033933748059
0.6364448165039878	0.6376960050419467	0.6358936997630712	0.6334589326473149	0.6316661630445123
0.6287429722983519	0.6318427856316037	0.6305477957591373	0.626609595382915	0.5186748306464661
0.6266337159039727	0.5265263267947577	0.629714280900443	0.6294976588710187	0.4812494530854629
0.6275461769622304	0.48528724520102784	0.5244583520285615	0.6275248741707227	0.4675367373182339
0.6229711174964905	0.473274365258034	0.4856025366984363	0.5254989335756474	0.45858735211974844
0.6214857009213293	0.4593867001021305	0.46732677103918213	0.4800728843035296	0.44956641741420894
0.6289182366312628	0.4567001712749072	0.4633131486832944	0.47030005255318674	0.4477019960922963
0.6191947290202239	0.45113246992725836	0.4543967753877419	0.45876687018157897	0.4435499468270472
0.6162710105976482	0.4447435838029817	0.4501719632569482	0.4484871498611577	0.43642368737389053
0.6167981190144864	0.4457014924882318	0.4467169191983655	0.4468816565278243	0.4365391470587162
0.6169971541675454	0.44151007999544534	0.44262510179863573	0.44103556795193427	0.4332122128942738
0.5061750122348361	0.4417280971699052	0.44033546345618096	0.43918649764621964	0.4343811339886901
0.4671698797236926	0.4398796335815469	0.4372218027901467	0.4375772463238757	0.43342863690212846
0.44807846779408655	0.43528420937335693	0.4336688347789636	0.43334138568709885	0.43077857834298905
0.44474622188016866	0.4357886628421678	0.43629281920240354	0.4355584751157198	0.4306666306827378
0.4321060888755045	0.4326863234762645	0.43062573069196813	0.42921340183528794	0.4243301467212573
0.4306143558086336	0.43511439154824977	0.4364340501215757	0.43046522750269134	0.42894069518884403
0.4280306437741156	0.43675137991490554	0.4351037641620395	0.4327519716661604	0.4298456105429804
0.424719424351402	0.4334817689550498	0.4313984155807347	0.4289724207900064	0.4270266087921076
0.4223826914034845	0.42864883182298774	0.4300857128389656	0.4280734414334798	0.4255283808769169
0.42051619032154924	0.43392618751282014	0.4320541159118836	0.3932428672490525	0.42650223311865737
0.4176122485981575	0.4300749460449606	0.4301131494209897	0.37327319116848534	0.42405327262780845
0.4112937345986479	0.4281829075740122	0.4265783250789206	0.36779123613291675	0.42059511434086755
0.4146809786024609	0.43076617074439594	0.4282538921326933	0.36612781089590024	0.42522106275838967
0.4162401745996209	0.428336619187499	0.4279745881209895	0.3638228277111298	0.42284753468945196
0.4103374322661964	0.4272319234698019	0.4245978277510087	0.35657729471431066	0.418906997917863
0.411431061108704	0.4244550286656448	0.42775245342413193	0.35546263492168334	0.37301171489078966
0.41452426175632107	0.380519608097613	0.3799205273770921	0.35480086699776014	0.3577623534995268
0.4112520233139662	0.36407664692615316	0.36238860817211643	0.3524027851688893	0.35330688854312636
0.41120613162474895	0.3551821367972341	0.3538832499852877	0.3500093847436978	0.34630950717517517
0.41327547943195725	0.35245072087058615	0.35138714389727876	0.3478786828725233	0.34361739067927627
0.4106902406953485	0.3493573420188004	0.3461113236749265	0.3461691734888362	0.3417311100398791
0.4077680736703948	0.34403643423638985	0.33901994597271573	0.3447733784423155	0.3364220210505875
0.4105211227293819	0.3414942309298482	0.3417402281404456	0.3418705487037862	0.33371039055040097
0.3668579409646864	0.3374991041162738	0.33592009978830956	0.3400989488872422	0.3309306006526093
0.34534792964110916	0.3349297824113264	0.3349218055262894	0.3391842103522756	0.3296146782310416
0.3422536986791874	0.3356150647868281	0.3339016439436037	0.3388779901558785	0.3292267560349098
0.33676509463878523	0.33500485861545337	0.3317832946015136	0.337607519629666	0.32765406175800016
0.33169438661364337	0.3316297094764003	0.32933836131144667	0.3351827279838451	0.3257915625715503
0.3316317755166834	0.3308888671876827	0.33072705829844745	0.3368345654529074	0.3255720854262869
0.32565696918598525	0.3267780767606039	0.3261241184933413	0.33290672344167527	0.3228720724582672
0.32280084883313037	0.32626043911785113	0.32594261697643545	0.3299507444624402	0.32002911623329156
0.3244334670055248	0.3259351049237852	0.32253977961247565	0.329654763917179	0.3193863260242944
0.3218530841800563	0.3243955305927551	0.3251169745422077	0.33146529551357257	0.31942174078710883
0.318088064680014	0.32235924171669705	0.3209593949644159	0.32714761237201756	0.3162039322850039
0.3166146556206068	0.3211410343647002	0.32003127800686565	0.3265926460247213	0.31468776588702124
0.31657697912067406	0.32073916289050247	0.3193010648193261	0.3246613679182193	0.31295517449031424
0.3162859771257777	0.31905317813386674	0.3186205481476797	0.3259864650342774	0.31357489655847137
0.31268834926740596	0.31903125928795845	0.31754356443577125	0.32540324555181205	0.3139058206697256
0.31290939240656857	0.3156305746273007	0.31592515964642226	0.32310367903441123	0.31137135514365466
0.3116964952034106	0.3175686429376191	0.3145852887721929	0.3209361871490089	0.3092694105699544
0.310523806058842	0.3131629669529093	0.3125358454482941	0.3222256487287826	0.3123925749755578
0.3097944024883575	0.305351361136912	0.3135374936530049	0.32282442841535997	0.310690535608765
0.30841415339266287	0.2980109864031263	0.2987394585938709	0.3207104247244425	0.30788836298543804
0.30570382542927244	0.29664503384734076	0.2931511223011308	0.30715523858356975	0.30546881742489596
0.30448614316218353	0.294114080726948	0.29462191066168725	0.30508095654837625	0.30672876670232535
0.29194567663132986	0.294345207226551	0.29107593125699416	0.30229211429043473	0.3038604414219135
0.28817834592688757	0.29174677109169544	0.2899523139228601	0.30043200207183424	0.29289144403336903
0.29066730586006806	0.2939562618808672	0.29220060664979397	0.3037606878658698	0.28861155195156923
0.2854676367071889	0.28848833539296914	0.2880812184432584	0.2977377816539287	0.28374111820059983
0.28404538775496496	0.2898335780786433	0.2882993560846506	0.2983931643350048	0.2819019135306866
0.2840369078128234	0.2903636531604222	0.28878736271120414	0.2991432635985373	0.2816095646385036
0.28259258555329375	0.2874419272250834	0.28527635983798805	0.2948173521196142	0.28043670094836387
0.28138544019835704	0.2893767251687891	0.28582985150387225	0.295258202478099	0.27928615348113506
0.28085865194687787	0.28535837239926404	0.2830487749613154	0.2942328627609534	0.2775589197569191
0.2814464723819967	0.2874718790926287	0.2864629591212553	0.2928412445365926	0.2793213967090983
0.2815199602976479	0.2858436199481531	0.2865670049739311	0.2947049836444734	0.27942779698335257
0.28031686855399124	0.28335895093962976	0.2844002996487994	0.2941163876629854	0.2777207427088864
0.2797460079269336	0.2828866520043833	0.2820668751016603	0.29330770858108546	0.27532620686094483
0.28071729739761087	0.28338729515862265	0.2833970631175028	0.2939750313987512	0.2794691950387664
0.27863480261219764	0.2823296316215753	0.28126220279337516	0.29051072990802884	0.27437747969194437
0.2792775031093442	0.2828671557595358	0.27935753011947384	0.2895584263460105	0.27379525325182463
0.2779404788523379	0.28240767868278566	0.2784105255780622	0.28817765654810246	0.2743412608380819
0.2774912980587587	0.2812427458022261	0.27890377741335587	0.288839450615751	0.27376590920683685
0.275356101486689	0.28062250722399756	0.27888403253634536	0.28781965550254396	0.2735948835492439
0.2744929032481237	0.2807385637936992	0.2764956572324114	0.2880198145690172	0.27094275372869847
0.27437915822581577	0.2803557541440513	0.27786175556042586	0.28784869306380184	0.2724641091988214
0.2724874138146107	0.27883007097274737	0.27577244781929505	0.28760149350861475	0.27223788453337516
0.27539225437147236	0.28157127635253365	0.2780255379960362	0.2873619099712125	0.2723153780793289
0.2725137951962478	0.28142167170486776	0.2769327877884934	0.2863165869965881	0.2718449858067288
0.2745988560683283	0.28165596868375975	0.27847328179937486	0.2884953742670586	0.2709845078113438
0.27118854034129913	0.2790121352276228	0.27534233449060297	0.2863668664870664	0.26711262499584865
0.27246387413395623	0.2797205898615408	0.27509675409330414	0.2845478152756191	0.26855118538412603
0.2752947523770735	0.28012014266170226	0.27672161897430014	0.2861873718250133	0.2695697400042466
0.2721764106503532	0.28135262357304464	0.2767122615405056	0.2851832925968464	0.26705309447577535
0.2724011500015892	0.280902896733845	0.27506620781805796	0.2871579077771253	0.2671281252904316
0.2734928211897534	0.28063682274287916	0.27688419273899656	0.28560679990922117	0.26643410953871705
0.2732022321208968	0.2815289985188439	0.2744916880984437	0.2867390839263911	0.2673316808688978
0.271682411203604	0.2804317887481825	0.2754996316817103	0.2857556295059524	0.26466987760323096
0.27236764719876494	0.2808672514794122	0.2749209288898331	0.2852667104405209	0.2652582731240851
0.2719996768571532	0.2811044018972866	0.2755912926495836	0.2856685861068616	0.26501014859170274
0.27178538249581696	0.27986714476362257	0.2760454469248462	0.28642562424282897	0.2665528416481165
0.27166665480722224	0.2792833815221593	0.2732983970504892	0.2844794030537081	0.2638769071653979
0.27247498056772723	0.2812289089116903	0.2759002986009166	0.28632382042420185	0.26504179652389653
0.2706172530684629	0.2776444456385226	0.27335710019406734	0.2838838935050818	0.2628697094405096
0.27200246002058237	0.28050284621203325	0.2752241088682427	0.28459176512630374	0.2644606591642969
0.2729341490646763	0.2818143508394662	0.2758440233176321	0.2867715311477251	0.2661733903619638
0.2708461534260481	0.2799294969767253	0.27484994734187235	0.28528203321692264	0.2630824093775982
0.2721101541805758	0.2802130576518492	0.27682934240307017	0.2861177859175235	0.26250924044252943
0.27089211702956545	0.27839004132143996	0.27467127917977563	0.2838691232149559	0.26192510798764046
0.27180406157775305	0.2803895595433461	0.2760132264984233	0.28530690588457175	0.26325387429550784
0.2710085606102447	0.2790968640304892	0.2744095253822443	0.2852147335134201	0.26507396157592733
0.2716085734727133	0.28052001440768926	0.27539889007578144	0.28627781627123305	0.2625713638408712
0.2699051988323024	0.2800433215735207	0.2749907601519924	0.2861390170996146	0.2628536138997967
0.2692294667672624	0.2780702007396143	0.2743108592679735	0.28346086161978085	0.26296556453265785
0.2732574454963663	0.28093502862983966	0.27606865352072035	0.28512713629418923	0.26548014676479426
0.2711789277584658	0.2798804147240451	0.27360623316539223	0.2851531392777974	0.26217307973548276
0.2725231241234733	0.28218675989781483	0.2756345655835804	0.285910393461547	0.26487079937287317
0.27214171057162084	0.27951929144694676	0.275714961654695	0.2848981051036464	0.26224073558054917
0.2712271263456099	0.2810875053143564	0.2754155637510596	0.2858052770118883	0.2637725649282452
0.27019516201427823	0.28042252396073813	0.2754049260750453	0.28540835737267456	0.2626159358436191
0.27173868957382924	0.2793035011004914	0.27485649043794175	0.2856848767727539	0.2620979619910346
0.2707330683994168	0.27928485105866935	0.27501679141350716	0.28406170464080305	0.26361128180990423
