1	2	3	4	5
5.405251872813921	5.231807724594152	4.7829897007369	5.3060946342585344	5.155099577611051
1.940181737970513	1.9455482737182652	2.1036838451614766	1.9449720809526754	1.9531171858463143
1.8626985083455623	1.8577694551414232	1.8615112063829855	1.8243925900715396	1.8559971691092565
1.723876538483993	1.704244836212121	1.6729148092782093	1.6382061596721642	1.6892657167161518
1.5785111329134787	1.5204894375008386	1.491200372386161	1.4327945129950637	1.5102592429236692
1.4093064231335963	1.3404130338098084	1.2191646888737795	1.2368885469253725	1.3532572658470519
1.2596137935243312	1.1737122834491007	1.0397824102350492	1.0813729918521384	1.2242153815906063
1.0995215297964838	1.0344731885453926	0.9227127981612752	0.9507085770902116	1.08652088541509
0.9594035994671191	0.9163640168926597	0.8416049116102935	0.8536982124723741	0.9576515505076071
0.8668309334293963	0.8431064094728826	0.7802980383643713	0.8013455567457484	0.8669862550542786
0.7945234912740605	0.7831450278496799	0.7348072318469777	0.7523942422836333	0.7944904553615829
0.7521323851307331	0.7345304358036014	0.7013624222839585	0.7150125105667602	0.745628874091541
0.7096335563208442	0.7010759513091552	0.6670404719879562	0.6845062252353223	0.7088039224714879
0.6823263802491794	0.6719839050031986	0.6445951715607166	0.6572383593415358	0.6828070225770512
0.6572182605333654	0.6490619555306245	0.621105029150044	0.6339878918569721	0.6577049362689944
0.6441444679141954	0.6358119268399061	0.6124232390804973	0.6213746236260893	0.6408539550078804
0.6195811284015246	0.6146333893699114	0.5901435040451991	0.6048462630232888	0.6225490464883692
0.6068560190670329	0.6024854378322201	0.5763239285830035	0.5906509264655732	0.6068322278959369
0.5913335347114625	0.5917837101480234	0.5650747758348272	0.5786853910559587	0.5953406065016447
0.5767841586066637	0.5760697034161414	0.555652119238358	0.5633923668995534	0.5844681953530179
0.5703279229686079	0.5675317651932812	0.5448618991600576	0.5592253037425869	0.571908366344774
0.5575722234175936	0.5644645844121723	0.5421778314253863	0.5523164872165833	0.5662831808142652
0.5523365992871696	0.5502538850240393	0.5320382191397034	0.5437637755785452	0.5554532314962748
0.5428924548351554	0.5495212569718474	0.5253389800143669	0.5353814718668416	0.5511919628933564
0.5351403379989093	0.5368432529899472	0.5145012051095744	0.5278333177042127	0.5431684054377135
0.5339831387447882	0.532172351542032	0.5166240246094707	0.5236937303829677	0.5350029194141592
0.5254714840360923	0.5298768082238217	0.5126988326801969	0.523873405840696	0.5338755728643569
0.51709927370786	0.5223235239458208	0.5014999375471372	0.5180124749460487	0.5262258330269542
0.518213739328067	0.5169650595968646	0.5016267918564781	0.5086483264823091	0.5222582203500411
0.5090379468010514	0.5104332726324918	0.4911887273001851	0.5077782543114081	0.5076455959426166
0.505258253315831	0.5080316409735424	0.49337357145441185	0.5062136624932593	0.512371842818492
0.5049065121299467	0.5090037266464189	0.49132274735309267	0.5035309903609478	0.5075035664584022
0.499441031147452	0.5007369580018853	0.49057324181127426	0.5019058698735883	0.5048117728337005
0.4931956476262766	0.49739777767444826	0.48101293026943676	0.4933601885348023	0.5042986315686987
0.4944222266869168	0.49350947789523936	0.4841425263363379	0.49301126393515704	0.4988599496576794
0.4910106438657511	0.49509712855529286	0.4818148354587653	0.49155159237439655	0.49381201483709425
0.4871030009311179	0.48860060227344054	0.47831308559688446	0.48649590376697854	0.4921345321266243
0.4843260260951487	0.48785911557619516	0.47170714946354125	0.4844153235330605	0.49042056222705904
0.4815769510348434	0.4843430888774758	0.47420908331566153	0.481631152617657	0.48459404645978343
0.47799325088405875	0.483282925832607	0.4713326950969606	0.4783793628368232	0.4800307980126433
0.31900792669914546	0.3195383886013494	0.3109313406983914	0.3211927397934067	0.32196849089144425
0.26493831763944353	0.27131140415016003	0.25900902292307687	0.2665728627110991	0.26776971418381973
0.24248799266260287	0.2427303872983473	0.23680418348678237	0.2445478800236419	0.2460668347490107
0.22559383724961446	0.22972352858013506	0.22077574824814308	0.2301218529872576	0.22967963900102675
0.21302091151171026	0.2129886327763956	0.20794137860731685	0.21369211644391548	0.21421861659992678
0.20117481946564078	0.20231067454990223	0.1932257232744523	0.20528905716774723	0.20051055748368174
0.19271594232610417	0.19314301259758515	0.18547180186375944	0.19621549363788757	0.1925442515469878
0.18073791941947032	0.18378715026561565	0.1795772390864085	0.1835946590946915	0.1835229449793507
0.17249925284053363	0.17526555103261765	0.16676882568680104	0.18097497566657902	0.1725958793250191
0.1613757572687038	0.16869541851189135	0.15713440099030812	0.16888796907785306	0.16546750239208524
0.15897943618733548	0.16543363478711198	0.15375655145405817	0.16586765553564053	0.1577234934167485
0.1532330663155413	0.15604600782894412	0.14971641277718117	0.16191079478968134	0.1559600351030565
0.1499129922779472	0.14818784233439924	0.14321972441185454	0.15283914495383383	0.14807210108050936
0.1477905596365862	0.14938602577466206	0.14302157846939217	0.15219608481849553	0.14466945091476832
0.14420107467209592	0.1425565044917261	0.1372604951967517	0.14547683915976073	0.14077309278004302
0.13798842514338694	0.1423209062050981	0.1330443324373506	0.14513771638007428	0.13687497091567735
0.1350200088204019	0.1356687997956104	0.1273532277997345	0.13928225284913917	0.12963714810740934
0.127256494520418	0.13231175793025202	0.12668781940017818	0.13533021341008913	0.13080727464288394
0.12751201792713024	0.13122463073876808	0.12461035857763134	0.13406735670078745	0.12511262720655605
0.1308718410694537	0.12647089167781506	0.1223788442056807	0.1313864517280512	0.12284750357041574
0.12258371490689794	0.12966393627931408	0.12171738243202115	0.1314170538254863	0.11998920829590318
0.12236561000232803	0.12305262842980183	0.11736300981143856	0.12595383017836012	0.12029341204315802
0.12272028207702707	0.1249465893220414	0.11608307703834052	0.12743481761201889	0.11802391415399971
0.1226081026389318	0.12155958517547458	0.11695317238988477	0.12627935592475767	0.11558662896113629
0.12163298330781866	0.12201512639251198	0.11526658179243193	0.12700576122726326	0.12011821390798944
0.11766295257927198	0.12187934216216698	0.1189086529833582	0.12258876623857354	0.11464360796505842
0.11882941299082372	0.12224106550635884	0.11665676599916287	0.12336250865246019	0.11495178665422728
0.12091602264043615	0.12017419587468246	0.11583200140910992	0.12575922780634502	0.11485120515956
0.11550940054914231	0.1203687377369313	0.11105914766450055	0.12148690479033435	0.11389460981540056
0.1160518136971137	0.11927090822468944	0.11158026440921795	0.1192195882539615	0.10845774318784701
0.07010442098064346	0.07008920706179751	0.06987510213766557	0.07483154490513862	0.06777312850479578
0.05415191758624126	0.05336734571534654	0.053489541649208626	0.056427593211955465	0.052718632218554204
0.04786780260293684	0.049277591673881155	0.04659659235888278	0.05203114385190218	0.04485026822732688
0.04313449085216083	0.04488409105259591	0.043301156429035606	0.046955415836113824	0.041836598578392684
0.04355839545102527	0.0418304591713583	0.040355535571837374	0.04554985845199483	0.038703964994577185
0.03781313756409353	0.039326618527969724	0.03865482310390534	0.042938383596251385	0.03797142783089369
0.03596106302612424	0.038501707241510794	0.03674692313765625	0.03969435784441741	0.03534742103665688
0.03529453217564031	0.03624675909290684	0.035133428812084186	0.03936722771266994	0.032629525489019026
0.03405239606928795	0.03510799495708148	0.033558084136422944	0.03699542668736197	0.0330225024503344
0.03249805354896714	0.03442232838124415	0.031743166163144536	0.03474494695301404	0.031041727151216784
0.0312575666029054	0.031898225059785165	0.0315991758233141	0.03505946976868698	0.030531675504792036
0.030390943645897412	0.030666883963415093	0.029728174917018783	0.032677498052987586	0.028309005029175594
0.029938669446522334	0.028548099348307265	0.028594162257964628	0.031873466804280624	0.02859722999641505
0.027524305226476583	0.02834629460864361	0.026950359401648003	0.03024162399246716	0.026695989605868244
0.027804030648544618	0.028142402324911255	0.027388206090006383	0.029677137908766343	0.02684720046341877
0.026787693400288477	0.02746210551208547	0.02484179478224433	0.02881734737711947	0.02604813729424763
0.027872105745975023	0.027145921345561968	0.025085556318464184	0.028503058001856367	0.024428381710825377
0.02473264219015456	0.02604561962682726	0.024687552014770707	0.027529717344419113	0.02476636781964613
0.02511843202916708	0.025367800070120555	0.023485392060540535	0.026550120228658547	0.023260246381125487
0.024611234750665335	0.024250678727617662	0.023392463355418013	0.026313915753456003	0.021964316787507838
0.022793339355789168	0.023033430999921414	0.021030560531236635	0.024702861281040378	0.021365431554215338
0.022529222721429293	0.022893463635383665	0.02056444605664752	0.02430767626704081	0.02174920850264294
0.022674543602044316	0.022149111770684158	0.0208641299048958	0.022907041098989184	0.019985980056512073
0.021324226585076284	0.021396404303743725	0.020386867930212278	0.02342166261904686	0.01996075163316697
0.021148747352459245	0.021376136852347336	0.020529749024364035	0.02224666865356743	0.019836241469892404
0.02223916489945349	0.02349503671564639	0.021036559549134113	0.022603397822136176	0.02091847768153453
0.02061260668822871	0.021930759877461917	0.020698897845452386	0.022093017954769936	0.01928646488548697
0.021385837941790182	0.020565479979528813	0.020441877286490568	0.02192770223826398	0.0190151513832838
0.021217295352150403	0.021625870552933423	0.021528560675375757	0.02243044296913137	0.02047878138892486
0.0201652248811615	0.020998525883421267	0.019784340311003765	0.021636743579641037	0.01983003787543919
