1	2	3	4	5
1.9838694022668302	1.7089076796760947	1.9122018690228155	1.8524923574589114	1.8036519793979346
1.9250855781233218	1.575735883792038	1.8629935809108602	2.007757921353021	1.8564250950923042
1.689720553815213	1.3064416701836365	1.7078191807202965	1.9225908514788688	1.657009793364484
1.5220554121924812	1.0867812481072865	1.6338862729499406	1.8311577925596716	1.4685143738451507
1.3648142781099082	0.9438460200948791	1.5404046465978591	1.7539164346197391	1.3065176089401427
1.218540983431784	0.8409461914121036	1.4147947926045685	1.645100399661247	1.16343535044614
1.087366863437319	0.7743557301323735	1.2870497662393017	1.4743126999691638	1.0198364646538438
0.991336773880912	0.7180590074690406	1.154650551583761	1.3298316297628685	0.9121155109246974
0.8960498141510709	0.6790044618689495	1.0282828210259949	1.2054963776522585	0.8313404714969724
0.82057016158043	0.6500585763655667	0.9349335381746894	1.100782503709769	0.7702512274617738
0.761662811879307	0.617879040786982	0.8528541603966449	0.9923474701774099	0.7202004523533383
0.7229241710489668	0.5964048369156434	0.7905297210759215	0.9100870531233373	0.6811326233017468
0.686376316925449	0.5707108408898653	0.7345854918975049	0.8349528263901811	0.6466529511887094
0.6572990411382806	0.5534703315371441	0.6990791603427409	0.7862450126796733	0.6214182762538681
0.6320309082565407	0.5374410207314256	0.6609476324542397	0.7360551729226659	0.5895280708437378
0.6130642236955941	0.524951871856094	0.6385900044380242	0.705489920228339	0.5738002285170738
0.586938609171401	0.5086401702497926	0.611793788269048	0.6678134443814804	0.554650602362041
0.5765436488344238	0.4993560787509468	0.5946263257042528	0.6451239530997509	0.5330062848527717
0.556223983807332	0.4899219593885914	0.5756018744862597	0.6211306425311681	0.519691548384059
0.5420541609339695	0.47345522305239796	0.5559271061816786	0.5990765779219624	0.50297498413364
0.5339617636197669	0.4681586870147139	0.5447336157874368	0.5856925677460474	0.4981415771767309
0.523592576346433	0.46008246268152875	0.5327781284861554	0.5726300596885981	0.48326790233707173
0.5074451332506918	0.4500611917594509	0.5196605334653883	0.5536181333729682	0.47198677665132405
0.503066700132912	0.4463152301585889	0.5134412022807725	0.544816473484649	0.46418328282168475
0.4916737183280612	0.439051574910693	0.500604762979176	0.5287917349344634	0.4547719572816056
0.4865863211167132	0.4331269383887803	0.4919298273675582	0.5219362622789105	0.44838356102823945
0.47677350097605026	0.43164399997962405	0.4790803832776102	0.5096673223825976	0.44069578862556097
0.4700882062125389	0.4263255728785032	0.4758200044827084	0.5019627364395222	0.4340136799665972
0.45957093386698866	0.4168912811809795	0.4624483935211017	0.48868345993254175	0.42564923874557475
0.452139641622753	0.41472426971511145	0.4551294105284661	0.4836229849654392	0.41973658847382006
0.4456533403957591	0.41280863939038936	0.45297506771734	0.4767726006562755	0.41516578113636415
0.4427629158929791	0.40927343569753144	0.44897280713481386	0.47257489956858223	0.41073061163773017
0.4350472824347906	0.4039546265778945	0.4439801841288272	0.46521306739133916	0.4048561866935866
0.4328295346873497	0.3972511627637516	0.4342643522545505	0.45793717527938316	0.39993555618978827
0.4277514237577044	0.3948227757840506	0.4320707689313324	0.450721459010678	0.39725177009087365
0.4202467990500847	0.39314088614090653	0.4269789131858465	0.44612259968467394	0.3913919132993655
0.4164673498524425	0.38587700154470367	0.4179606785249832	0.4378268178314198	0.38715930088706635
0.4125849738755186	0.3830457277157729	0.4125406681119329	0.43744100016706144	0.38509871831635395
0.40656549073851006	0.3814175881235803	0.4116920936290566	0.43237498067224145	0.3793561004311839
0.4067799157041416	0.37928602975957515	0.4060200359053014	0.42796450235959516	0.3794946631659635
0.3991049090614707	0.37574680214342887	0.4026450591776376	0.42493320052581046	0.3713852285271715
0.39910631022794785	0.37581820172422076	0.401710051404851	0.4199384155938081	0.37507006015314154
0.39243576578471995	0.37059502315033416	0.3955195883808236	0.413940577327138	0.36705073504649144
0.3982586977274522	0.3700468439580229	0.39956788349029654	0.41616701500495035	0.3709019066580119
0.38791425095494764	0.36708842740034525	0.39194746692772103	0.40470320275982313	0.3589636024916568
0.3834264730401051	0.3554638762913092	0.38504053107307995	0.4033530907862631	0.3583386169979943
0.38117476245936205	0.3578572995065118	0.38118854401361596	0.40044985928803734	0.35320022961367775
0.3790392189684427	0.35524131125196434	0.38050486219813434	0.4003694466770155	0.35616506014943417
0.37642038440155584	0.3569951617656765	0.38200386383039586	0.39676433283349766	0.3552419614913825
0.37752538622187826	0.35309766503551115	0.3803849325460545	0.3930150303236968	0.35409901178706327
0.371238280592672	0.3517058849944484	0.3773030761410211	0.3935820966425453	0.3466477359423552
0.3705231227228402	0.3560053049908268	0.3763511713660888	0.38814973145189813	0.3495477286674786
0.36569800889095677	0.34862023290923194	0.3663228441534751	0.38495040641111483	0.3455622453823723
0.370016117839862	0.34938840145040345	0.36818877030211666	0.384941661449345	0.3480015018635701
0.3618175160625707	0.3427068450109425	0.3693223627631928	0.37898627197955864	0.34206560661878105
0.36288151952921593	0.34680500032041967	0.36724117283930874	0.3799226614825258	0.34040112675303363
0.3610282477058105	0.3413766057366301	0.3629257872586359	0.38138193105492757	0.33292153130864244
0.3591902186651054	0.2536368873494361	0.36242405380434406	0.3764403658297359	0.3361107450540721
0.3566919198578888	0.19951386258120438	0.36039020544122874	0.3764412903114965	0.3322246035041715
0.35348254251663036	0.1759852518129836	0.3574804856496696	0.37258748043223716	0.3327584128702999
0.3537858710112169	0.16027961694218623	0.3571901394583069	0.37193631074007844	0.33568348855618624
0.35322517522460667	0.1511931258546726	0.3532475108838147	0.36812954073976695	0.3265956791922868
0.34589025404904483	0.14129693874770108	0.3509664927297235	0.3670997454992034	0.32564870140436664
0.3469048152341861	0.13439005096931303	0.3486543610272812	0.36335519428753177	0.3275588994364605
0.34828618134531547	0.12902284457403065	0.34977879266604744	0.3645969769533944	0.3284822324352802
0.34946007012863595	0.12756677048133158	0.34887834194371153	0.3654659482676657	0.3287797869014012
0.3425857625958863	0.12200834584015108	0.34707927437084696	0.35643940401808993	0.32031222510978086
0.3462761665701565	0.11873739235617632	0.34638837883082185	0.3626125439658492	0.3220260264089956
0.34334317882500054	0.11615098532660843	0.3455135523129606	0.35809333008878363	0.32178846847675674
0.2504872837106283	0.11345979322672199	0.34016066759138747	0.3565793445195691	0.3195774534626688
0.1988057404985208	0.11439750617955964	0.3439010963263108	0.352325200958325	0.3179012410476077
0.17208647552658532	0.11140051041074718	0.33907330569708743	0.3508811868212718	0.3159172352774978
0.15563401328328325	0.11158085257157946	0.3374655418993568	0.3531934910113243	0.31227736354179086
0.14651708459229112	0.10815153244282578	0.341176030809617	0.349458188009079	0.31438978275527124
0.138293036871859	0.10980380116902351	0.3362969803383284	0.3529092898149319	0.31615046295516036
0.13234769791136017	0.10963177276999135	0.25300329428194746	0.3443728229959908	0.31193604345059456
0.12419129521264437	0.10856782422994105	0.19826842139444084	0.34901229057775457	0.31260185965034354
0.117666636615077	0.11104035472778409	0.17412405377230078	0.34678980498515166	0.3117953660466787
0.11446471113111356	0.11076227954738896	0.15734811359659182	0.34413246814247267	0.22313444354497564
0.1129569795430469	0.11060061594447508	0.1464754933172175	0.34217007416288553	0.1683450053872354
0.11291438052454565	0.11128954581744839	0.1363774495928183	0.3437243150094587	0.14593067086871023
0.10680460896524017	0.10919157744330514	0.12800059829602778	0.3448108119504224	0.1303499929435416
0.10525995453872035	0.11194362910583502	0.12385167564501252	0.2553360214090103	0.11904151604303624
0.1043973347491316	0.10808426879174875	0.11764906561168867	0.20078075568541842	0.11098852803182728
0.10563465519367587	0.11053101873725567	0.11287627407275805	0.17850207733681117	0.10372341190800644
0.10345369250611267	0.08143084817339695	0.10915267195009523	0.16333673972531654	0.0982795297489752
0.10452986070338414	0.06700064201870234	0.10637770821828672	0.15328692509542646	0.09578029028213848
0.10565715073548314	0.06090913972128992	0.10304653085291836	0.14386048259408887	0.09417716089798056
0.10855836390762989	0.05691636526180657	0.10379273765494154	0.13624481079371084	0.09069329170543515
0.10660730334727667	0.053449349839935885	0.1022837592284088	0.12860060618509114	0.08924408068361177
0.10458661148043542	0.05173171263026157	0.10097254942292745	0.1250048645050324	0.08788638862083327
0.10440708982670097	0.04793495744409615	0.1014443797147487	0.12212321436618598	0.08668062856892489
0.10719634167602304	0.04680715689002096	0.10106947291118414	0.12033011840508726	0.08764531596770979
0.07822491717346183	0.044477968560079156	0.10335861872452921	0.11769128118253432	0.08554731809612731
0.0660993538396743	0.043355796824369	0.10526844083576867	0.11473884214373195	0.08644728581694996
0.0599706019310619	0.04186108964674005	0.10544777906421206	0.11377641964522782	0.08729891027407266
0.055282898642637204	0.03968142587072249	0.10389178592111453	0.11065433964209484	0.087288039610209
0.05353069403077789	0.03926080889771207	0.10327628975176743	0.1108817406036817	0.08377160005214268
0.050451718704284325	0.03924938039306334	0.10411785513429382	0.11253789841861979	0.08666860588523737
0.048588064110949826	0.037707621970063894	0.07636461814727315	0.11281134591192536	0.0858289306540319
0.04645685194169774	0.03720318294985366	0.06530723310149542	0.11069012875370966	0.08877847784810967
0.044749958955151645	0.036118506637337566	0.05990580037769758	0.11126281983216704	0.09041270581276521
0.04475077089217621	0.03584900605337469	0.055823185516859594	0.11174951187904227	0.06217252909470246
0.04301966073186806	0.035316909032175894	0.053659207051824705	0.1107102223312306	0.049863029828728596
0.04142124699357219	0.033929536047646515	0.05023902738014297	0.11204924746928609	0.04617256922718812
0.04063680534348691	0.03366445628997616	0.049160703102036206	0.11225277699930289	0.04293699050441267
0.04107297967423866	0.033408540308170594	0.047305155750316435	0.11264714078448926	0.041007404980223525
0.03954039583854437	0.03259697731565259	0.04645084783129986	0.11169931000036656	0.03859451323595192
0.037065027746112304	0.03151452716420909	0.04525321285666709	0.08180440857511037	0.037014087776431934
0.036384772013901445	0.0309145537245533	0.04431774206173696	0.06736238429899262	0.03548778188140951
0.03688897870843062	0.030605333078357274	0.04271668010412733	0.06291702645056692	0.03430051003794768
0.03515909859658127	0.03074136984241588	0.04130766147990589	0.05898565270692641	0.03309329481952637
0.034680918876148395	0.03058986024707175	0.04013841319352848	0.05404397492270794	0.032827870241459216
0.03467318138388726	0.03115945748622766	0.03950535313552603	0.052919019085100216	0.03279533987755283
0.033611425429658816	0.028861306948334824	0.03786168132415589	0.05024824721162278	0.03058180757476699
0.03386644233980445	0.029528971539948438	0.038537063452479474	0.04911604778521962	0.029810462730562756
0.033717669422745414	0.02948094938960299	0.03775770040443335	0.04800347299279306	0.029417635861050607
0.03376373212994135	0.028757419703942737	0.03634858023746845	0.04581423831241363	0.02920967806607026
0.032435756569723515	0.028420953535000824	0.035496135401870604	0.04385620786729824	0.028137560717075506
0.032489960158096076	0.02796054259418985	0.03572370249139685	0.044377344889123274	0.027483812695288136
0.03195421595621826	0.028335905876820496	0.035659390022916286	0.04247238217374246	0.028075090630927967
0.031419405315900255	0.02732664143280756	0.03468564618140689	0.04133295593187784	0.02643660851337415
0.030968515874098632	0.027824269595753657	0.034908225252519284	0.040753959866283454	0.027030842921808556
0.03105733245658828	0.027442555300548403	0.033605277152431896	0.040215843216613735	0.02685465093206643
0.029873436202516635	0.027483141292696415	0.03381483761541298	0.03929188383547849	0.026791262259359107
0.02969437275948885	0.0263802478247134	0.03282081377942622	0.03850400467377031	0.02507201143685737
0.02987704826685627	0.02634945896018269	0.03321260144776854	0.036769875563452445	0.024883090089673158
0.02895878486649689	0.026614283914189494	0.03196266817543511	0.036964725984065146	0.0250104899563448
0.029651028166055825	0.02696213132375494	0.03205201512112106	0.03623353202572412	0.02493955243540846
0.02855044609540716	0.02585477133750761	0.03176732578307695	0.035620508513048904	0.024171724393868554
0.028605219548391854	0.026277294563477303	0.031947104629519794	0.03601368318033188	0.023807375458404986
0.027891425232467303	0.02572473469178392	0.0314691162518109	0.03399807940263423	0.024253586595377817
0.028758825195948478	0.026013730112891965	0.031996569586703404	0.03365997089277902	0.023995760863985083
0.028387508193111945	0.02598270108146817	0.031922311105234226	0.034230529199666404	0.023623266190652494
0.027942764996777267	0.02577058454770642	0.030978373066067235	0.03263187552075785	0.022859170323099635
0.027896930656545926	0.026053683496439994	0.03117804562963563	0.03281581466374419	0.02344727957540231
0.027870848019847943	0.025711681600898265	0.03039410682466557	0.032213721455305905	0.02312389338184197
0.028323364770397173	0.025588083523980655	0.03027109042896183	0.032401250251342564	0.023192745371414396
0.026822546382656187	0.025476904776509452	0.029851918044450025	0.031158306216701983	0.022189964935698026
0.027232153524580374	0.02559007764281823	0.030158172466356287	0.03124125911365918	0.022686168837272896
0.027693378569944124	0.025150927045689823	0.02953236490783408	0.03155085772914271	0.022620773764655877
0.026853713390353116	0.023893263505395397	0.029908768863648245	0.03216968852159615	0.023180638308948884
0.026192746113252143	0.02342020366769618	0.029242546650130888	0.030204995756830704	0.022872562301071257
0.027501093821547674	0.023046639790791836	0.02946271631828583	0.03009175209571487	0.022324835560034464
0.026557532620266108	0.02297772008144413	0.029126287361754644	0.030622137519900148	0.0226753072675003
0.026233903689743453	0.022845375816078133	0.029260325459930132	0.02931002727316698	0.021583546989161515
0.02651886583146307	0.023138512435662163	0.02838560963845087	0.029335352561205542	0.02258976295476068
0.0257847019545067	0.022281649124706187	0.027962097848105754	0.029350570210105634	0.021403014295451026
0.026409479815636745	0.022522790836232244	0.028123579802625174	0.029434298248509003	0.021525157853732338
0.02614338657178005	0.021903155152412	0.028012234176916402	0.028816903769836553	0.02195948901612433
