1
6.080678749703738
5.227337122963852
4.878149879443198
4.656654815383274
4.503324671415671
4.396914921988266
4.313794821554377
4.248348509157769
4.198436372191987
4.149913203251811
4.113917811219399
4.080760654893458
4.053238142263155
4.028679437618266
4.005382396338845
3.9897512644797377
3.9726635954835126
3.961658938066828
3.9438357875063654
3.9348010958967925
3.9206430851520118
3.909731565846075
3.8997375584744334
3.890089225649937
3.884800418225907
3.8776336265015234
3.87403958789357
3.863302851080538
3.8587194645440444
3.8543031420264886
3.851050397947232
3.8419324919894073
3.8428701794469013
3.836771593322528
3.837514185500552
3.8337429980059956
3.8277027001509536
3.8292903232050546
3.825082122910376
3.8231625849907678
3.8206832979347096
3.8185183966195475
3.8183446672174717
3.81596007547178
3.818844526249929
3.8201966479108096
3.815530248431414
3.823337373366714
3.818749059425601
3.8156643042197578
3.815834156164048
3.8122290873503664
3.811845332187598
3.81854689328463
3.81235060594179
3.8189457900755177
3.8200071875746473
3.819686702152829
3.813325366749983
3.8170037108582413
3.443025040031079
3.377470383253483
3.350483092537649
3.3310794669550634
3.3181962641802567
3.3081585095002586
3.3015284249356247
3.2894500007400778
3.282079645375047
3.274734409277022
3.2674058827248698
3.262421039339322
3.257680348678305
3.2502110189967484
3.247377045075967
3.2435003779151232
3.2376645731521116
3.2338870325764995
3.2326621067035712
3.224403489862652
3.2239882118932974
3.214257990206389
3.214573935219106
3.2103579259657145
3.2074864449915457
3.204740562805763
3.201003307419711
3.199981131086812
3.197744406829697
3.192987883388693
3.081697960452473
3.0671634284170746
3.0643616761599235
3.05890627700489
3.056334766165005
3.0524143722031267
3.0501565736966922
3.049638284217338
3.045426785124178
3.043755544744411
3.0444965249651417
3.0423126678247705
3.0389908027934864
3.0387965434319337
3.036427397947084
3.034523899929159
3.033777327208859
3.0328910845500294
3.0296616100050313
3.0303983228428066
3.0002583929827855
3.001244693940938
2.9967865950339543
2.9936764574908383
2.9946131025280027
2.993374903671266
2.994272335533113
2.9934428211930597
2.990672494767313
2.993517013767966
