1
6.349203778932878
5.943405838755804
5.8414980868359745
5.796870976275627
5.770653444427342
5.755410371507934
5.744702109614074
5.736797206480411
5.729392474038259
5.724854396987731
5.723647491176875
5.717002816633775
5.7131794121120105
5.710647892261264
5.708680488965577
5.7063736060996835
5.704917000295123
5.704594172250037
5.7010831607090475
5.699706335858502
5.6993667391987435
5.695530911330373
5.696787479421594
5.694680602019343
5.694576705824013
5.693250327105519
5.693641532312999
5.693187365832041
5.69069468720217
5.691018321011575
5.690727139424388
5.688757089753954
5.688564286246296
5.687394786476496
5.68806915178402
5.688075606711006
5.687467664486171
5.686895147927642
5.6864468005272775
5.686247942473844
5.353714899345099
5.3265838893143425
5.320867658256886
5.312666068139011
5.306975320955149
5.301131145532556
5.295155487813198
5.291466808033273
5.289610377653746
5.284820851841421
5.283723006929705
5.2800044729040545
5.277211459366587
5.275528211288757
5.274622660607378
5.272207299669809
5.269036247346797
5.269231973709037
5.268000577522677
5.264639434995435
5.264443564676991
5.263483781080954
5.2640030918540415
5.2608394761900446
5.259093818369186
5.258279872917138
5.257282048338803
5.255682180644745
5.2548521782611255
5.252961751678708
5.053553157371965
5.028635275542515
5.02303159220235
5.019177173067647
5.018203898743325
5.017911844748956
5.016834997344813
5.018588836709954
5.0177615762114485
5.015260915632387
5.014015963170449
5.012915124331088
5.012200596377798
5.010845137452277
5.009239531134962
5.008795024298305
5.0096005525027
5.007009087409157
5.008026714401189
5.005811795940655
4.902466598590764
4.895457383612201
4.890892121174954
4.888334311924498
4.886567706756902
4.883302369675106
4.881443002769397
4.881090807224018
4.879541319876613
4.878193443138287
