1
5.033848046351485
9.246647782841732
10.572548309470974
11.190968858860707
11.555246115455676
11.792217564142693
11.953867060266143
12.032701435488114
12.148689437052319
12.257496485625996
12.27911739843439
12.400256953230926
12.431400434135442
12.44701120150613
12.541690505609338
12.546373735820548
12.51062507854167
12.549105620110412
12.597655106633255
12.637696724939062
12.671103767112324
12.675318674302416
12.626222810921606
12.684060704029998
12.698266502337319
12.709584308681066
12.705837724512104
12.679611635329358
12.740337520401324
12.764846425173303
12.728785552547016
12.754153049524374
12.768436901668556
12.76109984100433
12.78568679961316
12.774759262453683
12.716062777139904
12.791150568192911
12.77124683979528
12.78584290728687
18.229239435608314
18.458483554446847
18.523814615893166
18.644251686158007
18.748921881378465
18.87974011194481
19.005094573931423
19.039282154473224
19.14621591096243
19.190160221110908
19.256662090110034
19.290225239957003
19.362503092883287
19.378426075601386
19.44453767541624
19.43033187710892
19.49847287668196
19.5424952406673
19.49979979190847
19.62148572356297
19.634832929664903
19.58308323583108
19.662854257095287
19.721941011593337
19.706642459570066
19.77892031249634
19.788130665245042
19.80397559412629
19.81263957001702
19.771661305668975
23.806810509480812
24.311818833922505
24.376213249326597
24.321809725039746
24.247346364681576
24.23095505894235
24.21050495368675
24.17670764232922
24.149622960941073
24.193567271089567
24.19622110154258
24.25085878733998
24.189586525410036
24.281221729875966
24.30978943416432
24.279582599302042
24.327195439782635
24.32102918667122
24.346474737485437
24.424294412828306
26.695036634568325
27.019584488204895
27.077968758171256
27.124566898772763
27.220338956591917
27.18981990638223
27.24703336879579
27.20488429689494
27.296519501360873
27.23751080069967
